1001	21854299544.46
1003	78325380474.33
1005	8869516787.71
1007	8456596255.47
1009	24318473380.02
1011	3785058823.08
1013	6552845239.13
1015	48364354025.38
1017	13884292984.24
1019	10864570530.13
1021	17141701725.80
1023	4256245040.85
1025	7646126605.34
1027	5747853444.76
1029	6504492978.01
1031	18687784808.47
1033	22543903438.70
1035	3842399946.41
1037	4030700830.56
1039	12725527014.29
1041	4589598203.14
1043	36369043257.02
1045	17215715570.45
1047	13358475127.55
1049	30748246272.34
1051	33514564236.17
1053	12292308672.41
1055	43206182753.93
1057	6137613812.38
1059	12379084997.30
1061	9066685923.22
1063	2713795553.05
1065	5306299952.47
1067	6152428195.91
1069	36682712679.99
1071	22511470496.00
1073	258020950098.74
1075	5122566462.67
1077	37469600264.90
1079	13247236885.58
1081	68784560331.42
1083	44156921512.93
1085	3570079546.79
1087	7161853771.69
1089	163032309674.30
1091	6559178717.32
1093	11057057538.05
1095	41140241620.89
1097	132379631796.11
1099	6618301935.87
1101	82042985054.02
1103	50564892863.28
1105	3012683236.00
1107	6787522310.31
1109	11661376743.22
1111	9230537723.72
1113	22298324907.87
1115	38111703811.82
1117	89542808338.28
1119	4173553563.38
1121	32424687287.18
1123	16109431232.46
1125	87647148482.40
1127	25433102123.51
1129	5068119744.54
1131	3575485026.22
1133	9321568231.93
2013	219295474.94
2016	894007560.29
2020	21580571431.25
2050	1224862570.82
2060	57733410.10
2063	546609342.81
2066	206762034.55
2068	117740248.57
2070	322051519.26
2090	7118359150.64
2100	186550808.74
2105	213052709.24
2110	2941984242.94
2122	4417272893.85
2130	1407221560.95
2150	919663237.54
2158	533084418.68
2164	97916228.07
2170	8354723787.24
2180	623041271.95
2185	743609252.35
2188	491190919.00
2195	323668513.29
2198	561613782.67
2220	778702223.44
2230	102057535.38
2240	546785934.10
2275	207271300.14
2282	59259473.79
2290	375499920.05
4001	14934794636.95
4003	26916083857.84
4005	33625978716.69
4007	12910567610.80
4009	8786039555.76
4011	2092210548.43
4012	4412853323.27
4013	991332370822.71
4015	55614541223.19
4017	24774369557.65
4019	239835040330.70
4021	111697786365.51
4023	10501252200.11
4025	61746787647.65
4027	52364915887.72
5001	5772872531.83
5003	6217554665.33
5005	14748980677.41
5007	100729267167.29
5009	13175153014.74
5011	3456399865.79
5013	1586761456.64
5015	9908657368.10
5017	3385571714.17
5019	7156176818.81
5021	5316453872.03
5023	8823570228.63
5025	2539084376.67
5027	7508266619.42
5029	7319601384.59
5031	40828562890.80
5033	20780037349.97
5035	18079164612.02
5037	6081576172.73
5039	2135207328.57
5041	3772346982.35
5043	5745135863.06
5045	44178350100.22
5047	5910537932.50
5049	4304425911.32
5051	34226761481.35
5053	6270360779.34
5055	17051526559.78
5057	6591504093.97
5059	11337429995.84
5061	4255178014.67
5063	13375760994.53
5065	4913092826.22
5067	6013055936.37
5069	22584131591.03
5071	8935107193.86
5073	2069364548.52
5075	5884058117.04
5077	3067402024.79
5079	4484972182.95
5081	4034967729.54
5083	7246977236.28
5085	26392091771.65
5087	5888218911.97
5089	5927530402.68
5091	14279907261.70
5093	14916950400.00
5095	2343485449.42
5097	2922058740.61
5099	2744974665.19
5101	2479264430.48
5103	7466624184.18
5105	3478898131.88
5107	5563671013.28
5109	3404371379.76
5111	8368492011.48
5113	6485074396.33
5115	21962643579.39
5117	2857692991.79
5119	137170531520.16
5121	6811078837.02
5123	8219198585.05
5125	43725966831.86
5127	3317085385.85
5129	2740712298.07
5131	43339264860.83
5133	5275388842.51
5135	6291417947.69
5137	4362136221.69
5139	12733680673.28
5141	5500942286.87
5143	86278169575.76
5145	27189287298.76
5147	2192632656.12
5149	6892807793.53
6001	562649640821.98
6003	321259058.01
6005	12178034775.11
6007	48951781394.86
6009	13617080882.66
6011	5579787834.00
6013	406787294195.47
6015	5016081392.68
6017	53535358549.55
6019	271132477185.46
6021	6663115415.14
6023	25237713055.58
6025	50584341806.92
6027	5088757449.89
6029	279029114985.74
6031	43067029910.21
6033	16673220507.17
6035	6887932554.47
6037	2611586832301.68
6039	44943945627.39
6041	77338434354.98
6043	4786239419.63
6045	19408050071.98
6047	85075736896.57
6049	1732894016.83
6051	3348276765.36
6053	114469035064.50
6055	40403474911.95
6057	27326532589.93
6059	1139888226482.67
6061	109048459374.74
6063	4601956579.99
6065	715797977612.95
6067	455071392113.00
6069	19197679928.18
6071	630262293077.68
6073	916534472872.98
6075	237359439791.36
6077	259063497873.60
6079	73562337159.62
6081	237588167497.91
6083	120581108825.78
6085	572197207369.16
6087	84625924570.91
6089	37374801759.52
6091	809263679.02
6093	8565751349.99
6095	149892043597.35
6097	123001174970.59
6099	174999549941.37
6101	27210638291.39
6103	14295851167.77
6105	3205287606.43
6107	133648088989.59
6109	14963819565.42
6111	291615314980.25
6113	63483837359.80
6115	21901042220.46
8001	152630563034.22
8003	3984509583.56
8005	189472869073.09
8007	3224196217.48
8009	871849068.54
8011	1339943355.07
8013	88977473663.69
8014	23022662858.78
8015	4869338022.49
8017	435246616.30
8019	2632382670.54
8021	1797229472.78
8023	865603230.39
8025	1475015118.22
8027	1265944416.78
8029	7322709919.42
8031	205536777364.76
8033	543976412.46
8035	106342170646.73
8037	13534374583.74
8039	7715472201.46
8041	191213190609.21
8043	12516705455.96
8045	14355333875.72
8047	1686209037.49
8049	4019596682.11
8051	4109844969.53
8053	180665598.73
8055	1707884594.59
8057	327189172.77
8059	163494382702.58
8061	365695666.19
8063	1761419394.61
8065	1841829682.67
8067	12948792478.17
8069	90228235347.13
8071	3515557058.31
8073	1434560937.07
8075	5247298536.16
8077	35877070137.73
8079	218442516.59
8081	2954180267.78
8083	5996076048.63
8085	9960734737.04
8087	7710878151.59
8089	4656629048.68
8091	1176060175.31
8093	4664802098.59
8095	1116405759.49
8097	4171089214.19
8099	3019467885.00
8101	43041192262.09
8103	1474863721.00
8105	2703858684.61
8107	5856693558.34
8109	1565937413.23
8111	171948195.31
8113	1856579319.60
8115	572397731.54
8117	7924851877.71
8119	6790682032.99
8121	1250923244.82
8123	87583670328.69
8125	2498793897.71
9001	620217853278.36
9003	469511927131.57
9005	103835271594.12
9007	91838571386.56
9009	497860500180.24
9011	134231206521.02
9013	81878165859.40
9015	59360203921.92
10001	99445197949.69
10003	343720657165.82
10005	120123303038.19
11001	464693088072.33
12001	97554362911.98
12003	10133338946.93
12005	56173421254.47
12007	10116214469.06
12009	207520374108.81
12011	590842887856.26
12013	4412249486.91
12015	64607986314.12
12017	55818654740.03
12019	80110223849.44
12021	116154704016.44
12023	24116497825.48
12027	11732926294.79
12029	5570255512.75
12031	337003242867.20
12033	104353343104.42
12035	42741661321.98
12037	3793999186.39
12039	14665624073.21
12041	6260873050.16
12043	4063007199.47
12045	4513146279.37
12047	4491585867.56
12049	9031259415.85
12051	13197257253.27
12053	74253175083.44
12055	34873315461.89
12057	520608488364.69
12059	6467572028.81
12061	54054829469.61
12063	15796367485.98
12065	4884480571.56
12067	2667646068.89
12069	149742210870.31
12071	236596085253.82
12073	97297259477.18
12075	15006232875.76
12077	2371602188.86
12079	6111181449.82
12081	147519490901.71
12083	136267298777.60
12085	53152147258.67
12086	705730384519.95
12087	21012115677.76
12089	34225630344.73
12091	69464165563.91
12093	13483041523.36
12095	515797360717.08
12097	146042510690.72
12099	463633411886.38
12101	215286093349.63
12103	331329461727.92
12105	270086400541.89
12107	26680202149.68
12109	102519958850.49
12111	110132928917.93
12113	64047126736.32
12115	148091708930.66
12117	188386113785.32
12119	50536942548.08
12121	14960078728.50
12123	6814092361.15
12125	5607978602.97
12127	200229475052.76
12129	11168181244.03
12131	26114880009.97
12133	8194118950.31
13001	6590129418.48
13003	2947544165.69
13005	3935435920.73
13007	996788528.83
13009	17855466562.63
13011	8613394715.09
13013	42827551651.11
13015	52957164261.75
13017	6215766372.18
13019	6400602163.59
13021	63092702581.87
13023	4735779583.03
13025	6348460326.89
13027	5642672804.01
13029	17050711716.59
13031	29674170669.82
13033	9538522017.24
13035	11897623620.32
13037	1970076444.18
13039	19466319093.47
13043	4094380260.05
13045	54723482214.72
13047	30954067189.47
13049	4504307927.21
13051	103150264829.46
13053	3529358228.81
13055	11048394372.66
13057	135648997973.29
13059	58829581699.86
13061	1020296085.49
13063	152051963727.17
13065	2330017744.67
13067	397223480107.92
13069	15280853530.16
13071	16042755405.95
13073	65484134244.78
13075	6074311429.00
13077	67963871951.10
13079	4948251148.27
13081	7390366430.48
13083	7143816187.56
13085	13782518208.72
13087	9929492975.75
13089	400877639626.37
13091	7348700292.25
13093	4120600919.17
13095	29300948833.96
13097	72987674760.80
13099	3722164806.21
13101	1282910342.15
13103	24452521788.38
13105	8539759758.92
13107	8636316160.95
13109	3924543172.88
13111	11696978755.08
13113	58600855843.90
13115	44324378805.49
13117	130577568851.94
13119	10635113368.04
13121	551011104863.73
13123	14803348336.07
13125	1174246705.66
13127	29184415409.98
13129	26891985248.49
13131	8920602994.95
13133	8412736651.55
13135	474648788483.28
13137	21282383517.77
13139	98859726114.51
13141	3567070657.77
13143	13842580616.70
13145	14468872357.06
13147	11741209591.55
13149	4980892984.62
13151	119076117955.86
13153	64666418742.22
13155	3373328154.20
13157	38070174008.31
13159	6749387764.79
13161	5354862126.82
13163	6116947224.74
13165	3347426756.31
13167	3476425868.36
13169	11871037228.57
13171	8146186991.49
13173	3518073418.18
13175	18769780921.74
13177	12121608292.16
13179	23828320417.22
13181	3268844659.57
13183	6102975402.62
13185	40770329763.02
13187	15415942906.49
13189	8973803940.76
13191	3855636174.75
13193	4585199714.01
13195	13937129251.44
13197	2872698853.64
13199	8863302751.24
13201	2041516710.67
13205	7463269746.91
13207	12233811943.85
13209	3194914135.09
13211	9304944801.25
13213	18291149302.46
13215	79587897600.14
13217	55077681425.12
13219	19933104795.30
13221	6654053488.61
13223	85747489281.24
13225	11345734848.93
13227	16295390914.62
13229	7028551647.02
13231	8569407862.57
13233	19802576739.24
13235	3644474572.64
13237	9653324715.25
13239	814127432.93
13241	7688140008.70
13243	2261327761.69
13245	82249090169.55
13247	48935896839.48
13249	1711650803.77
13251	5298466504.38
13253	3122774347.96
13255	31277572451.88
13257	12129703025.11
13259	1834305288.48
13261	10802720178.08
13263	2328484659.29
13265	656090560.20
13267	8767563891.78
13269	3075796111.13
13271	4500953491.01
13273	3244569870.26
13275	15779213816.68
13277	14643945788.00
13279	9832371884.29
13281	5803819697.75
13283	2394862444.06
13285	28937644503.71
13287	3246160225.94
13289	3151392086.71
13291	11607336299.36
13293	11542806680.34
13295	30409950347.33
13297	48624345625.09
13299	12386105638.19
13301	2146709303.15
13303	7815747647.20
13305	10678778574.34
13307	878411937.35
13309	2856727372.13
13311	13065584470.12
13313	46465134459.28
13315	3232363825.56
13317	4038690806.08
13319	3490441275.16
13321	7391780696.15
15001	11472413458.49
15003	50335041846.30
15007	4062403379.76
15901	9333977121.29
16001	101430531306.54
16003	884371219.01
16005	18480620033.05
16007	1411796703.22
16009	1864281358.25
16011	10022569996.07
16013	4953275941.79
16015	1621834157.65
16017	8724428766.28
16019	26035073936.19
16021	2143798777.96
16023	527508756.55
16025	226286916.58
16027	49493415892.91
16029	1496387150.90
16031	5280943574.19
16033	155613734.90
16035	1629358114.77
16037	860428677.42
16039	5890813632.13
16041	3192763784.46
16043	2691578808.27
16045	3991103953.50
16047	3194375451.20
16049	3157869418.71
16051	6454401328.06
16053	5084482687.72
16055	33045917005.17
16057	7506757133.54
16059	1542663846.20
16061	692821488.47
16063	1072268345.51
16065	10926230409.26
16067	4497417336.26
16069	7918072498.67
16071	987394334.15
16073	2510974867.02
16075	5320568338.21
16077	1663303527.51
16079	2477332910.50
16081	2494906700.14
16083	18910664595.15
16085	2342830317.93
16087	2118583360.48
17001	24234428648.30
17003	1958692999.28
17005	6827332143.55
17007	25082653434.22
17009	2465179127.86
17011	13851743768.60
17013	1767522493.80
17015	6342780936.15
17017	5031290395.25
17019	88853228307.56
17021	13821499187.64
17023	6576060980.24
17025	5398750186.00
17027	15085210913.14
17029	19751074319.39
17031	2364415367429.93
17033	7918934986.23
17035	4337651953.54
17037	48722396298.33
17039	6516582260.51
17041	8451921918.52
17043	532400815999.99
17045	7209168345.62
17047	2520610826.40
17049	14201378355.91
17051	8757213960.77
17053	6021279412.83
17055	15040641762.32
17057	13122164865.62
17059	1994892455.16
17061	4728824562.65
17063	25676055511.54
17065	3209756951.66
17067	6475136258.98
17069	1474040137.62
17071	2387670167.51
17073	19569154015.15
17075	12332993887.96
17077	20797984085.20
17079	3839572185.08
17081	14877879183.04
17083	8834291085.13
17085	8558666871.93
17087	5342343837.30
17089	267860750630.46
17091	52920116082.29
17093	69326522213.13
17095	19545101118.94
17097	379498468013.61
17099	49216164046.99
17101	6416944236.11
17103	14889894713.51
17105	16021081921.12
17107	11543445800.73
17109	10261325612.98
17111	152283329901.44
17113	72678400361.93
17115	42532844384.74
17117	18079011239.60
17119	109262464742.72
17121	15180110604.83
17123	4961641704.64
17125	5159290185.85
17127	5554269604.11
17129	4928254032.64
17131	6005849075.63
17133	14634375149.30
17135	11478586960.04
17137	12885175521.30
17139	6082923968.51
17141	22473115844.81
17143	72795770588.79
17145	8432079307.56
17147	7163986791.91
17149	5591815279.94
17151	1506766569.53
17153	1987037789.09
17155	2404132859.96
17157	12108063628.86
17159	6509832463.33
17161	55937621351.63
17163	105248538639.38
17165	9385035344.72
17167	78267068731.57
17169	2622730841.61
17171	1900709407.72
17173	8611715449.18
17175	2176425008.35
17177	18235850088.37
17179	53630215820.27
17181	6654232871.58
17183	32455430310.40
17185	4687307982.76
17187	6398157263.63
17189	5545750608.46
17191	6518899980.59
17193	5640876243.38
17195	22469775493.62
17197	364146515312.29
17199	26593071674.90
17201	123788038430.56
17203	16235624294.34
18001	17187213619.96
18003	181343906663.00
18005	39048287771.57
18007	4034346401.77
18009	5799869291.24
18011	35434856246.55
18013	7335947212.76
18015	9709669526.18
18017	17815494372.96
18019	58081101180.18
18021	11797371850.50
18023	15800585446.59
18025	4666571935.17
18027	14492966283.96
18029	25262071655.84
18031	12624452095.08
18033	20628597380.66
18035	53960590233.44
18037	18927471786.97
18039	98169757436.70
18041	11415573503.36
18043	38187602568.98
18045	7482111287.48
18047	11262260154.75
18049	9724085480.60
18051	13939334858.97
18053	31685700131.25
18055	13648469499.74
18057	174619714945.73
18059	40873198258.35
18061	18250846490.61
18063	86721547334.41
18065	23893591610.83
18067	39955100083.40
18069	17554011017.64
18071	21395117057.10
18073	16012378997.76
18075	9738119082.79
18077	15630747785.65
18079	12971444893.53
18081	79998247597.26
18083	15345724582.41
18085	38246777302.42
18087	19209896290.17
18089	267273407228.35
18091	56647636422.01
18093	20299546391.32
18095	64034642642.57
18097	455870207148.65
18099	22339746157.23
18101	4326515408.74
18103	17143631896.01
18105	63843421351.28
18107	17678195891.50
18109	34484654027.41
18111	6633671452.15
18113	22567690367.52
18115	2950850241.22
18117	8833681384.86
18119	9742475755.50
18121	7420694667.41
18123	8436348732.79
18125	5231648469.06
18127	92106597195.66
18129	10489180274.57
18131	5940363156.42
18133	17127429533.65
18135	11826618108.57
18137	13957369406.39
18139	8127282816.83
18141	130836158438.12
18143	11469780574.20
18145	22029222240.18
18147	8567337890.35
18149	11458873742.11
18151	16345211784.45
18153	8989423244.66
18155	4750105635.45
18157	86459150353.63
18159	7554786506.58
18161	3489094671.42
18163	75229190069.54
18165	6855333802.63
18167	46292048396.13
18169	14711262692.66
18171	3858259271.70
18173	27602571795.27
18175	12907578209.80
18177	32392556073.33
18179	13483892631.60
18181	11628648865.47
18183	16487313271.35
19001	2442592204.90
19003	1172974560.03
19005	4842781459.35
19007	4216159454.60
19009	1789968552.77
19011	9126846111.89
19013	44676947705.39
19015	8852212175.02
19017	8569799591.70
19019	7319878853.65
19021	6242827011.43
19023	4800786686.00
19025	3078103253.23
19027	6475613989.91
19029	4160490971.80
19031	6951293872.68
19033	13815319404.37
19035	3411713018.52
19037	4009380482.26
19039	3257659173.68
19041	4889394917.07
19043	6040534911.68
19045	18103680320.73
19047	4976225094.10
19049	34521114157.52
19051	3203508614.28
19053	2551080849.43
19055	6342318183.66
19057	14329479840.56
19059	5269292887.46
19061	36416751281.74
19063	2813463082.58
19065	6679000844.59
19067	5107513188.34
19069	3257630661.49
19071	2088940904.19
19073	2796749737.90
19075	4193034402.82
19077	3410796675.13
19079	4858774143.55
19081	3390246769.07
19083	5564077879.91
19085	4569550155.51
19087	7451571002.87
19089	3176728248.99
19091	3016831159.76
19093	2100631516.25
19095	5908653950.15
19097	7438675004.30
19099	13080231731.82
19101	5638063367.38
19103	56246852949.57
19105	7765021604.86
19107	3514908571.69
19109	4492095842.66
19111	12140636409.74
19113	82125202394.49
19115	4007139506.71
19117	2952528486.19
19119	3423567511.43
19121	5589227344.87
19123	7619619174.19
19125	11489273487.47
19127	13606246746.40
19129	4637218787.28
19131	3476132390.93
19133	2590666489.56
19135	2616775164.61
19137	3293777689.12
19139	16088330160.55
19141	4107575864.72
19143	1785541209.98
19145	4859318896.59
19147	2706429998.19
19149	7438668561.90
19151	2166133315.91
19153	163649832548.26
19155	29527908411.69
19157	6474247132.56
19159	1517112682.88
19161	2974860456.00
19163	67623365066.32
19165	3680055127.02
19167	10283842907.63
19169	33579645596.64
19171	5837944322.67
19173	1898615250.31
19175	3938365937.59
19177	2596702987.72
19179	12331462251.86
19181	18220450457.68
19183	8167526593.02
19185	2203034618.03
19187	11788579324.52
19189	3369768741.28
19191	6770945531.27
19193	30975005600.86
19195	2385674804.36
19197	4103703084.81
20001	4134483440.96
20003	2599914321.18
20005	5444853156.85
20007	1172936632.43
20009	7053267515.34
20011	4820689895.76
20013	3048209061.94
20015	21235156268.72
20017	810599840.73
20019	1090191776.89
20021	6488217459.80
20023	661052244.82
20025	530924927.32
20027	2413999355.74
20029	2590441446.90
20031	2712830870.16
20033	461119115.53
20035	10897589324.14
20037	13088552070.37
20039	711955537.79
20041	5565623915.09
20043	2474181256.32
20045	41335276065.13
20047	770517440.06
20049	775937372.30
20051	7814300288.16
20053	1811461194.52
20055	9905293090.44
20057	9164784265.93
20059	8880959070.18
20061	11082872960.52
20063	711702487.28
20065	634761423.16
20067	1883791135.43
20069	1499148842.66
20071	325165926.16
20073	1879867180.72
20075	627539008.20
20077	1584047966.03
20079	10426267396.84
20081	951629304.46
20083	469309794.61
20085	4308162434.30
20087	6293834608.98
20089	824836309.43
20091	215794926070.82
20093	1000223285.86
20095	2157718531.65
20097	665887565.58
20099	6607752191.59
20101	411666330.89
20103	29450401126.45
20105	825868731.64
20107	3318356510.32
20109	694190657.34
20111	10164477100.33
20113	8971531126.93
20115	3591981068.65
20117	3063900774.68
20119	1059719243.18
20121	12325867705.54
20123	1622373560.45
20125	10171993516.80
20127	1662009724.47
20129	678618714.53
20131	3214286016.74
20133	5204938440.64
20135	706355163.37
20137	1405411989.90
20139	5193728837.47
20141	958627253.28
20143	1702895035.03
20145	1717167655.98
20147	1293327026.21
20149	8082177270.05
20151	2605837137.91
20153	650029042.31
20155	18087481962.90
20157	1347366146.32
20159	2723410036.65
20161	21880520685.85
20163	1309951841.45
20165	798336936.38
20167	1852869508.75
20169	15798033172.58
20171	1324713321.30
20173	155709351079.48
20175	5676326560.64
20177	58034203131.27
20179	635416015.01
20181	1496077676.97
20183	970497680.61
20185	1134149039.62
20187	519109136.93
20189	1366430799.12
20191	6919183032.91
20193	2028111071.00
20195	740944132.68
20197	2221724665.20
20199	384271689.37
20201	1640236833.46
20203	532876685.27
20205	2768014081.31
20207	996078806.31
20209	62648351759.20
21001	8268530007.62
21003	9076358708.92
21005	11146021070.83
21007	3015366303.95
21009	19297362304.97
21011	5809295908.60
21013	10462247959.00
21015	69370834410.19
21017	9429417566.47
21019	21570834711.72
21021	13796154085.43
21023	4025515497.14
21025	5963916511.38
21027	9022881393.20
21029	39130499990.32
21031	5262639913.96
21033	5161932271.36
21035	14951689571.67
21037	47440239225.23
21039	1860063476.05
21041	5175859057.62
21043	11942258008.15
21045	7047254023.01
21047	30341386388.73
21049	17006251629.37
21051	8872611447.25
21053	4028399768.99
21055	3620819468.48
21057	2552904992.08
21059	43648949984.62
21061	5303117098.35
21063	3310307686.58
21065	6330833122.68
21067	145845590230.53
21069	6992794696.86
21071	15541839952.83
21073	24192376037.01
21075	2511097347.95
21077	4249767863.25
21079	7883832708.96
21081	12161265278.02
21083	14409692811.66
21085	11518241892.33
21087	4955271295.48
21089	16278292771.39
21091	3927277453.80
21093	49470272987.63
21095	11507193901.85
21097	8918880796.12
21099	8504577205.10
21101	18676697489.36
21103	7425654441.72
21105	1724323423.74
21107	18653446174.00
21109	5761846026.93
21111	348891872459.14
21113	24885775549.84
21115	9993987254.07
21117	86007706381.31
21119	6175185899.51
21121	13192383775.62
21123	6683372411.46
21125	27461627969.85
21127	7272330822.94
21129	3311159461.72
21131	4526506941.53
21133	9336472930.57
21135	5960312313.33
21137	10804957530.62
21139	3601859946.82
21141	11907150457.24
21143	3412106895.89
21145	26614860441.93
21147	7294614699.81
21149	3853937324.66
21151	42187188684.27
21153	5078045616.18
21155	8825145151.13
21157	12709680565.95
21159	4943888820.13
21161	7905867432.01
21163	13477609861.39
21165	2788582093.46
21167	10466755522.19
21169	4500817609.18
21171	4881342076.43
21173	12853791543.55
21175	6096463784.64
21177	12644933211.32
21179	21526335052.44
21181	3587664615.63
21183	10117262123.03
21185	32657425279.92
21187	5363843640.25
21189	1752809445.73
21191	7061953346.23
21193	12246684603.13
21195	25169462820.97
21197	5900500882.48
21199	28690238128.65
21201	1054394354.92
21203	7174606150.09
21205	11089312718.74
21207	7929363083.21
21209	27390099201.94
21211	22861425159.59
21213	8601795635.54
21215	9354828232.10
21217	11531486457.02
21219	5227490092.40
21221	5794231478.09
21223	4059541194.20
21225	5401869032.35
21227	58723836549.22
21229	5495592166.47
21231	8515990712.53
21233	5325550960.91
21235	16094108246.58
21237	2885605139.00
21239	12700001799.81
22001	18002661413.68
22003	7180444115.64
22005	41524992286.94
22007	6470588836.99
22009	12575350160.46
22011	11750871005.38
22013	4225655592.57
22015	43631413061.62
22017	77937660903.70
22019	64139857893.14
22021	3138976290.82
22023	1568452533.02
22025	2819061928.71
22027	4657837126.02
22029	5930465301.27
22031	8940862985.84
22033	144150555707.70
22035	2410419801.92
22037	6385144555.35
22039	10251645332.62
22041	6407426590.44
22043	7182828524.09
22045	20895101378.35
22047	9597145708.74
22049	4913836519.70
22051	131384726223.12
22053	10142537399.70
22055	75540444745.44
22057	29700943319.69
22059	4782732076.18
22061	15902377616.10
22063	48136179625.88
22065	3240220046.13
22067	8293074158.47
22069	12002767932.95
22071	119356855310.18
22073	51889378693.80
22075	6821851217.49
22077	6570029328.50
22079	40985023684.61
22081	2469237836.75
22083	6568822421.48
22085	7211819326.32
22087	13698119432.01
22089	16894299685.07
22091	3612550469.22
22093	6360523866.28
22095	13668776422.32
22097	26167789292.54
22099	16219266173.71
22101	14409863214.84
22103	87499066911.25
22105	44373296932.56
22107	1319802044.39
22109	31734306623.37
22111	6974581338.27
22113	17145158580.46
22115	15430825017.79
22117	14861789804.65
22119	12109982294.74
22121	9286928626.72
22123	3189447993.94
22125	5031256004.09
22127	4396720744.25
23001	33533416498.89
23003	13896720119.05
23005	95298273844.60
23007	8138932593.71
23009	13532353684.68
23011	34366895589.49
23013	10920667419.76
23015	10209683425.88
23017	17170045847.12
23019	34914842865.79
23021	3964203573.66
23023	11096721866.25
23025	12446460708.99
23027	10354095777.16
23029	6871816087.01
23031	74625531664.99
24001	33108881688.42
24003	353555093494.53
24005	492177340244.49
24009	51228436168.25
24011	17796783476.49
24013	105387318213.67
24015	63792498781.53
24017	94643021003.27
24019	16326220980.91
24021	162296661420.07
24023	13682954333.58
24025	161906552930.91
24027	215041930597.43
24029	11293876814.20
24031	646854463911.30
24033	593647538757.41
24035	28742648999.52
24037	57485504488.45
24039	11293476192.23
24041	20497323648.58
24043	83655666721.35
24045	49278547074.56
24047	23886076833.62
24510	333841551068.51
25001	85450919941.21
25003	61956182223.09
25005	258403369738.85
25007	8297156153.39
25009	340837304683.84
25011	32815939796.11
25013	233162406758.17
25015	80405180645.01
25017	725943955962.08
25019	5035298743.68
25021	350662704543.36
25023	226490313292.24
25025	361560897951.50
25027	406038255824.38
26001	3469908458.45
26003	2351778460.60
26005	55339872159.72
26007	9323610314.11
26009	7906595287.67
26011	5606408700.51
26013	2266795786.38
26015	28794203401.97
26017	40790557277.70
26019	6311104956.86
26021	75896534614.76
26023	21193987577.73
26025	61984202316.38
26027	24537839538.76
26029	8169105476.22
26031	8009749458.45
26033	10157396835.10
26035	11816829641.28
26037	35463371711.35
26039	4567918921.16
26041	11078152963.34
26043	7566807058.92
26045	49948007563.29
26047	10563986260.34
26049	183230476298.23
26051	9694907650.79
26053	3951545893.83
26055	32810930387.32
26057	17536232330.76
26059	21535297545.90
26061	9899056114.49
26063	11679355043.86
26065	125985791297.86
26067	29707689433.80
26069	8927797289.12
26071	3313779607.81
26073	25737913985.87
26075	75838458717.95
26077	119239687936.91
26079	6200927853.90
26081	277893488983.20
26083	526190229.25
26085	4641798971.69
26087	40220761379.01
26089	7344478704.82
26091	47978344514.54
26093	95655911269.93
26095	1460166512.56
26097	3210787265.29
26099	412021642227.68
26101	9104906361.86
26103	18020970585.65
26105	11105386056.64
26107	16027357885.45
26109	7240373862.91
26111	33488420264.68
26113	5477475941.61
26115	78868783359.89
26117	28509537362.02
26119	3043330393.90
26121	74333605353.61
26123	20410410612.85
26125	606542714365.14
26127	10761348078.73
26129	7450160543.09
26131	1537924849.89
26133	8785940350.19
26135	2846911515.27
26137	8334441261.40
26139	130562264743.52
26141	4070376130.23
26143	8525961332.61
26145	80302399997.31
26147	72014433396.92
26149	28644014060.09
26151	16251081309.05
26153	2363152543.65
26155	31160729698.67
26157	21803420637.60
26159	35600010186.78
26161	180459631914.49
26163	833473571165.99
26165	12241514744.67
27001	4238455908.19
27003	128433735130.15
27005	8527167900.46
27007	10505268505.00
27009	12372330247.21
27011	1323256768.36
27013	21631457151.28
27015	7727922052.95
27017	9790756464.33
27019	38073409372.78
27021	7681761239.61
27023	3404204503.78
27025	18661985795.28
27027	15512403109.29
27029	1989781939.13
27031	1377730958.68
27033	3365040435.06
27035	17787509307.26
27037	153425441843.17
27039	6975280607.24
27041	10296272572.40
27043	4353972400.40
27045	7145682487.04
27047	9913020823.13
27049	16331042862.00
27051	1571071074.59
27053	419322648527.01
27055	6421505799.29
27057	5292160780.40
27059	13555243299.85
27061	10889288504.01
27063	2936771796.25
27065	4748252518.70
27067	12508590341.23
27069	860997441.95
27071	2708502765.58
27073	1778984667.75
27075	2733757047.22
27077	817468583.10
27079	9542508309.08
27081	1507580579.67
27083	6980792121.62
27085	11627482780.07
27087	1262464931.46
27089	1927910122.28
27091	6019189892.47
27093	7064839689.95
27095	7821236627.46
27097	9500095874.02
27099	13231580042.29
27101	2295542670.88
27103	10725975269.97
27105	6279971946.96
27107	1488043585.45
27109	53934832333.29
27111	15037143174.09
27113	3048497790.13
27115	8278189342.37
27117	2580386672.77
27119	6879399514.23
27121	3074083590.84
27123	200388475995.09
27125	882694438.98
27127	4413521286.72
27129	4263618059.95
27131	22812826369.20
27133	2716513537.14
27135	3211143703.15
27137	48238630025.53
27139	53924001645.44
27141	31834248073.65
27143	4724055955.62
27145	45281299640.16
27147	12275748858.86
27149	2521816908.65
27151	2634684082.74
27153	6772122201.79
27155	825990733.79
27157	7197233075.02
27159	3608318887.17
27161	6140944003.77
27163	99992065370.16
27165	3367516271.89
27167	1566168181.00
27169	16652241574.11
27171	47658618175.71
27173	2579213653.14
28001	9315100112.52
28003	13129216007.77
28005	4126116464.70
28007	6115900096.43
28009	2885986916.79
28011	10351411004.38
28013	4649643392.10
28015	3406351512.31
28017	6172523328.55
28019	2853160353.52
28021	2936109293.97
28023	5225990698.98
28025	6694958775.47
28027	7281260387.70
28029	9285843885.53
28031	6077383666.00
28033	71825810156.64
28035	25668703522.22
28037	2507843324.59
28039	8185553162.25
28041	4511942048.65
28043	7496887060.83
28045	14988714897.48
28047	66572803285.44
28049	73887265328.95
28051	5644834263.57
28053	2566146579.51
28055	434035520.64
28057	8991152020.81
28059	46378459251.90
28061	5477780989.89
28063	2338455286.67
28065	3703874209.98
28067	22172183512.89
28069	3058766651.25
28071	20764547394.72
28073	21588734996.01
28075	24532376897.55
28077	3894383520.01
28079	7295717637.06
28081	30821878233.19
28083	9448032701.25
28085	11458364707.06
28087	21004854700.61
28089	37321851854.28
28091	8010491433.98
28093	12760742435.94
28095	12489920699.13
28097	3395668131.82
28099	9946636899.06
28101	7202748291.72
28103	3586684328.57
28105	18419675450.30
28107	11920047342.05
28109	18505076588.82
28111	3806325340.09
28113	13074720880.70
28115	11533910035.59
28117	9455463052.44
28119	2104399828.54
28121	53211958254.08
28123	9424385373.88
28125	1227500978.68
28127	8613044098.51
28129	4778427295.58
28131	6101338871.98
28133	8701418510.46
28135	4322852417.70
28137	10527751758.17
28139	8164221449.28
28141	7200823841.09
28143	3516375395.52
28145	10443609202.09
28147	4548078458.74
28149	14493180399.47
28151	14713867352.06
28153	6570579784.08
28155	3541540392.08
28157	2685367932.72
28159	6157578914.08
28161	4437112889.10
28163	8975684321.28
29001	8772708001.92
29003	5987100558.32
29005	1664607366.29
29007	9145250216.06
29009	12114636779.22
29011	3994680730.91
29013	5584010156.00
29015	6999703345.18
29017	4043908365.64
29019	66720398913.99
29021	28592389907.83
29023	15572609661.39
29025	3085010176.26
29027	16509225882.05
29029	15443301440.09
29031	31620402447.53
29033	2935580175.23
29035	1947358367.92
29037	39595276165.55
29039	5028676965.83
29041	2578778042.73
29043	32354262120.05
29045	2436943121.35
29047	92519675356.63
29049	7475433404.51
29051	27735459921.67
29053	5953576310.60
29055	8568440052.71
29057	2650530225.79
29059	6150481734.87
29061	2843007038.80
29063	3968509311.95
29065	5276697282.21
29067	4149966748.18
29069	10352404215.55
29071	41357305076.61
29073	5596200062.69
29075	2045242920.34
29077	104342842085.69
29079	3311948121.33
29081	2721105177.01
29083	7789708828.13
29085	3016055845.10
29087	1375721073.93
29089	3621910441.12
29091	14156046624.43
29093	3543682689.07
29095	252973859255.78
29097	42043580084.11
29099	92691318767.83
29101	19272878837.99
29103	1347509294.51
29105	12853810150.58
29107	11746202482.65
29109	13367157497.72
29111	3626099762.63
29113	24425335635.50
29115	4091292614.49
29117	4887339371.92
29119	8176175483.96
29121	5332781004.79
29123	4821924730.25
29125	3089893923.29
29127	10439244328.40
29129	1168149191.04
29131	8985029618.23
29133	4673013037.72
29135	5513130637.51
29137	3166096459.96
29139	4340510160.89
29141	7610635209.47
29143	6071986536.71
29145	20494548372.23
29147	6802999212.56
29149	3096891938.66
29151	4963631537.49
29153	3087006832.63
29155	5741739222.61
29157	7420517352.15
29159	15231419396.47
29161	16395441613.96
29163	6713201007.37
29165	38930171303.22
29167	11295727515.41
29169	19344203804.51
29171	1608797054.52
29173	3852193537.65
29175	8746972612.35
29177	8243845238.54
29179	2246643407.19
29181	3869141516.66
29183	174093900287.22
29185	3267548665.15
29186	7338722839.73
29187	25943630044.58
29189	394765660845.41
29195	8179710910.36
29197	1403941615.00
29199	1658825039.62
29201	14513171203.60
29203	2561671034.93
29205	2138969763.15
29207	10729171605.19
29209	11101070736.98
29211	2028230222.42
29213	19729276791.95
29215	8899224741.09
29217	6696896975.63
29219	14407600972.05
29221	9053530119.05
29223	4065625871.91
29225	14057948825.85
29227	645933362.77
29229	6616706554.28
29510	116094031647.21
30001	1805623951.65
30003	2520838653.09
30005	1202089426.33
30007	1349411359.86
30009	2100675764.49
30011	283625585.11
30013	14959527242.49
30015	1032394960.34
30017	2309535890.22
30019	294426535.90
30021	1668926529.80
30023	1759635993.51
30025	584684970.76
30027	2083485658.69
30029	18469881878.97
30031	23092062985.23
30033	221416549.79
30035	2304481539.00
30037	152295218.85
30039	615072888.91
30041	2741426420.71
30043	2307753700.79
30045	369868747.59
30047	5653609652.22
30049	12926117088.11
30051	327749431.65
30053	3496945153.12
30055	313659122.87
30057	1701030709.63
30059	358420768.93
30061	875602459.74
30063	21338359969.04
30065	918626558.18
30067	3343362895.33
30069	95030362.39
30071	737126840.02
30073	1031285873.81
30075	339196042.56
30077	1271144100.58
30079	208800263.59
30081	8464501837.60
30083	2108075637.62
30085	1956796764.71
30087	1539919884.76
30089	2294545059.90
30091	641229828.48
30093	6593233986.74
30095	1718153830.36
30097	699345547.38
30099	1095618098.81
30101	843322115.45
30103	146412766.62
30105	1333263341.54
30107	376992122.49
30109	179929231.02
30111	31511866494.85
31001	8502467996.34
31003	1686804160.84
31005	106522882.83
31007	164971607.72
31009	114992853.94
31011	1471577820.98
31013	2469438496.12
31015	453094095.32
31017	716440292.21
31019	13351077848.29
31021	2018161904.07
31023	2482128635.20
31025	8744616828.44
31027	2296347293.64
31029	951740729.45
31031	1291477005.81
31033	2303616303.88
31035	1697092344.48
31037	3050905367.11
31039	2614725207.11
31041	2674583329.58
31043	6127928476.97
31045	1848656450.95
31047	6168640971.15
31049	452330796.59
31051	1569184968.49
31053	11174488090.63
31055	179604812023.37
31057	408189549.91
31059	1597484765.83
31061	780860162.87
31063	651906865.21
31065	1200463208.18
31067	6551569148.99
31069	438325555.27
31071	474111885.34
31073	473001803.96
31075	137716222.45
31077	583938092.08
31079	16894657654.37
31081	2625541362.28
31083	821318832.80
31085	211116001.41
31087	655363670.62
31089	2586980163.77
31091	176577916.34
31093	1765012175.50
31095	2115218545.16
31097	1657003698.14
31099	1796926023.37
31101	2026720900.16
31103	192572709.70
31105	832441530.71
31107	2246327262.52
31109	96836907955.69
31111	8493198093.86
31113	169753496.59
31115	151936867.51
31117	93421324.32
31119	9795633438.78
31121	2128810834.55
31123	1084783118.26
31125	934596544.98
31127	2200990956.54
31129	1142526295.20
31131	5039298528.22
31133	786599859.65
31135	696547152.04
31137	2358656349.89
31139	2004933514.90
31141	9667412218.68
31143	1472234964.96
31145	2721379248.04
31147	2464077832.71
31149	318165034.22
31151	4172918456.59
31153	63647734854.17
31155	7085665643.24
31157	8392665378.08
31159	5239145838.54
31161	1177849351.18
31163	782924117.13
31165	261983395.11
31167	1650245151.52
31169	1411991853.36
31171	165690468.79
31173	1925541597.20
31175	1066234467.76
31177	6701299173.34
31179	2773622633.15
31181	934819308.50
31183	207994595.16
31185	4081632959.78
32001	5748858986.16
32003	560268036194.71
32005	12464473719.94
32007	11231200022.42
32009	178880386.89
32011	410869666.82
32013	3608177358.15
32015	1245435207.82
32017	1064693917.27
32019	14604719464.09
32021	1101213905.72
32023	12546300800.46
32027	1386448717.76
32029	983184759.32
32031	103753872494.65
32033	1945444402.66
32510	14475686809.50
33001	23731263609.20
33003	17308587571.91
33005	32965868665.82
33007	9188402980.45
33009	30643237978.89
33011	180892599215.55
33013	60217816570.84
33015	129843157652.97
33017	49588446266.57
33019	16912815496.88
34001	154764250776.48
34003	873452371914.22
34005	304568985803.90
34007	353001809399.82
34009	49220151027.36
34011	85884656631.46
34013	817909647310.00
34015	202756358506.31
34017	837824965297.22
34019	93459446704.23
34021	277991035173.22
34023	683214949460.10
34025	485213445201.24
34027	396084013374.40
34029	394184688721.54
34031	419142154878.51
34033	41160011788.91
34035	271531352717.94
34037	97898738069.16
34039	537392878679.57
34041	74265770193.76
35001	154529761268.66
35003	834879626.07
35005	14929985213.74
35006	6249026496.49
35007	2965216366.45
35009	11600388283.72
35011	395000840.40
35013	48933048387.61
35015	13881129608.54
35017	6083634434.43
35019	1044375278.86
35021	153432663.21
35023	869491633.73
35025	17220977070.41
35027	4680585972.67
35028	4635091435.16
35029	5514034614.88
35031	16386822172.46
35033	1001135716.42
35035	15454286181.05
35037	2085329691.63
35039	9440151958.03
35041	4565371008.10
35043	35813002833.17
35045	27599795005.30
35047	6437906870.61
35049	36859509839.68
35051	2561681325.99
35053	3717119650.27
35055	8228126879.14
35057	3602397283.56
35059	999662231.50
35061	18667961629.60
36001	144376302013.46
36003	20169281286.18
36005	1443874728551.80
36007	91878530483.20
36009	32910826902.15
36011	31728871153.06
36013	53556772688.73
36015	37166077621.67
36017	20902861829.27
36019	25068641086.62
36021	30829706545.14
36023	20473702983.90
36025	21427635111.22
36027	167734188813.27
36029	378069049944.70
36031	12877282137.36
36033	15183895534.82
36035	22023772352.91
36037	23959525763.61
36039	23811403903.28
36041	1914601943.46
36043	23442986410.79
36045	41678868328.80
36047	2875011343541.54
36049	9852033392.37
36051	25875227153.81
36053	28629960064.89
36055	288307141096.93
36057	21471220665.39
36059	1152559435585.07
36061	1811161253996.89
36063	81578054728.72
36065	91591868090.05
36067	192321924762.11
36069	46896276946.16
36071	258641087494.62
36073	15659393938.93
36075	45815676291.39
36077	26861698167.74
36079	65474869535.75
36081	2549605809618.90
36083	72153553513.49
36085	495097833033.88
36087	272055391995.45
36089	35506530618.66
36091	98339947781.25
36093	71303897488.40
36095	13802026559.46
36097	7823048001.58
36099	14255386631.66
36101	40339886293.11
36103	805485295301.40
36105	43325424985.37
36107	22035027169.41
36109	46622198229.39
36111	98232689292.07
36113	24994530549.81
36115	24269634705.61
36117	36147790651.60
36119	745347466004.80
36121	16976281499.66
36123	10538209503.89
37001	80238146131.45
37003	16900653479.44
37005	4962124001.18
37007	9742558848.41
37009	11966035050.08
37011	7912693000.32
37013	16471291502.38
37015	6888994318.56
37017	11541226658.53
37019	51919939538.41
37021	121221778050.26
37023	39932542241.46
37025	110431958720.57
37027	36630724988.78
37029	4275785333.03
37031	23308333769.19
37033	10351381558.00
37035	75604334418.76
37037	35500351038.96
37039	13049572538.24
37041	5375462132.41
37043	5090581823.41
37045	46442899881.53
37047	18931309083.07
37049	36608235036.90
37051	138349734161.38
37053	11455738163.10
37055	12961744303.45
37057	79247969172.75
37059	20506289601.24
37061	18795097920.05
37063	151590792436.16
37065	19831753375.46
37067	176067599817.20
37069	31708463219.03
37071	110600313397.60
37073	4278599522.31
37075	3581201712.26
37077	27620077096.99
37079	8185717345.34
37081	244952526116.72
37083	20215052568.75
37085	59326593240.29
37087	28034290544.97
37089	53240750159.64
37091	8657054714.23
37093	22545046432.74
37095	1603813937.14
37097	89181058595.27
37099	19035778990.55
37101	97973018224.30
37103	3462141340.91
37105	28553585377.76
37107	21347802347.89
37109	43110387772.68
37111	20261716138.82
37113	16731295726.58
37115	9779662624.00
37117	8528789929.28
37119	503902261171.85
37121	6773292944.44
37123	11531994721.67
37125	44841132163.92
37127	40511806947.40
37129	81005932076.66
37131	7153227469.38
37133	73340118374.94
37135	69160654827.94
37137	4387130539.75
37139	15866110455.90
37141	23339538071.73
37143	5106112529.72
37145	17712018895.75
37147	67033809257.51
37149	9067521937.03
37151	66147761953.66
37153	18340800024.12
37155	46553141616.70
37157	41950164278.81
37159	69660210513.77
37161	29531333339.35
37163	23804935949.69
37165	14275875254.32
37167	28969042669.02
37169	20578626083.47
37171	32185621239.18
37173	6335446675.43
37175	15090421915.11
37177	1233610428.44
37179	110502304620.28
37181	18582542165.35
37183	489009639389.01
37185	8131830697.47
37187	4093483290.69
37189	24683416491.58
37191	47636709368.78
37193	29746014776.00
37195	32745428690.10
37197	17208049048.33
37199	8501515855.52
38001	441069722.22
38003	2422545700.56
38005	1175518666.55
38007	187701840.00
38009	1228086876.97
38011	582352359.66
38013	402533114.34
38015	20509024944.07
38017	43064571974.66
38019	732316241.46
38021	1119200029.23
38023	399081365.14
38025	788886011.02
38027	486691247.18
38029	702041935.52
38031	714341305.29
38033	340831640.48
38035	15553982041.04
38037	479676896.68
38039	495027276.99
38041	492284360.85
38043	502025659.66
38045	920243881.85
38047	410738044.80
38049	1031050035.60
38051	554449753.34
38053	2633189492.75
38055	1954884065.13
38057	1663279382.39
38059	6927391068.77
38061	1829966891.31
38063	644229427.36
38065	382102566.69
38067	1380743688.41
38069	785026276.74
38071	2369356139.24
38073	1318187128.87
38075	427553207.16
38077	3983664480.36
38079	2347810528.37
38081	900439315.46
38083	259357577.85
38085	797167003.62
38087	136363690.71
38089	6581904628.68
38091	397190803.05
38093	4672648563.55
38095	421673647.93
38097	1797357456.09
38099	2184023638.65
38101	13364200165.47
38103	808149751.85
38105	7122075801.44
39001	12865783742.10
39003	48555386105.44
39005	25684874763.76
39007	43876591852.42
39009	27362640395.60
39011	22279734587.91
39013	31179721378.09
39015	21049689731.25
39017	196874296233.39
39019	13104668601.29
39021	19269322503.28
39023	67710450061.18
39025	103949603948.21
39027	20951394385.79
39029	49910886866.41
39031	17654041799.19
39033	20277298347.27
39035	571862429508.22
39037	25160893667.14
39039	18128316207.00
39041	111299755627.41
39043	36324344809.61
39045	79297325221.45
39047	14273104170.07
39049	619816005478.14
39051	20345831474.37
39053	13361773490.00
39055	46637997279.41
39057	84079140043.56
39059	18120235076.37
39061	405821894147.00
39063	35783750888.53
39065	14713481114.74
39067	6981332975.30
39069	13173208265.67
39071	20907455579.56
39073	13423118289.87
39075	21633459889.88
39077	28352766043.97
39079	15046133215.77
39081	31746994479.13
39083	30597635383.82
39085	106774607498.86
39087	26106554173.42
39089	88374715316.84
39091	22506225760.36
39093	153286380574.74
39095	207212608896.53
39097	22640939031.64
39099	110207430335.00
39101	31929300436.04
39103	91556592962.17
39105	10144962350.57
39107	20273509967.95
39109	54199373813.16
39111	6220873374.98
39113	263515502116.69
39115	6419740870.23
39117	17367914895.06
39119	41115924192.73
39121	6699596872.27
39123	19600503717.28
39125	9008217014.78
39127	16997306931.50
39129	29383193696.77
39131	12715219679.42
39133	79401266454.28
39135	20645206255.10
39137	16400670336.26
39139	60760173925.11
39141	36524008720.32
39143	28491070552.73
39145	33584493627.46
39147	26499304294.35
39149	23357762723.15
39151	182323870414.92
39153	263566408953.53
39155	96103171349.18
39157	44702252674.32
39159	32469906367.94
39161	13733494913.74
39163	5949375164.23
39165	124895227038.74
39167	27437035154.34
39169	57325629040.15
39171	17376730626.33
39173	62770016687.74
39175	10497455718.02
40001	6730684199.08
40003	1673457373.13
40005	4831614738.98
40007	1326303893.40
40009	6160196926.93
40011	2568714939.17
40013	16594364159.80
40015	8155595176.87
40017	51337166810.33
40019	16264660972.65
40021	16276156564.43
40023	4895822783.42
40025	562731334.93
40027	99757888591.95
40029	1791940024.55
40031	37408183528.32
40033	1717209871.19
40035	4772492288.30
40037	24346595903.09
40039	8153537089.55
40041	14037293543.13
40043	1271772054.76
40045	1026137779.48
40047	19029208010.03
40049	8556963064.94
40051	17920950909.08
40053	1262178250.25
40055	1553561647.58
40057	673089116.14
40059	869385863.55
40061	3907861802.17
40063	4476736736.03
40065	7087577849.23
40067	1774279242.62
40069	3538014591.68
40071	13671650581.58
40073	4795450286.56
40075	2466012096.05
40077	3176402916.52
40079	16308685481.94
40081	11384345666.67
40083	16759068106.78
40085	3582554272.74
40087	14713818019.60
40089	10365166013.66
40091	6485171949.14
40093	2240434980.72
40095	5473158141.03
40097	13419537890.22
40099	4612140291.56
40101	22431004427.60
40103	3483302947.28
40105	3133515134.85
40107	3757871249.85
40109	253963954036.06
40111	12497675881.33
40113	14952261331.51
40115	10328574412.88
40117	5164853272.17
40119	26806213445.51
40121	14571251923.41
40123	12782829131.78
40125	24755414692.01
40127	3625296905.86
40129	934520837.46
40131	33093893717.80
40133	7885714577.54
40135	13408089573.18
40137	13921816675.04
40139	5337686361.72
40141	2110435509.82
40143	219865124012.56
40145	28996135989.68
40147	17509169973.25
40149	3184353110.85
40151	2456901643.32
40153	5674586665.30
41001	3232874942.74
41003	18966949226.15
41005	94304836289.13
41007	8324951834.66
41009	11872096910.17
41011	11645466228.21
41013	5018083714.64
41015	4232017342.19
41017	39760856968.84
41019	21072910016.39
41021	398924082.22
41023	1400498465.39
41025	1479661085.88
41027	5290551061.26
41029	42147448724.44
41031	5050530075.70
41033	16329981985.22
41035	13562472722.89
41037	1613287593.17
41039	73186712176.54
41041	9703254053.18
41043	26927315638.63
41045	6286833285.90
41047	74476220773.05
41049	2411504989.78
41051	182841245024.49
41053	18287956545.22
41055	385964075.81
41057	5619170274.51
41059	15366739332.13
41061	5006908347.88
41063	1425143260.32
41065	5491901556.34
41067	128436424880.23
41069	283056674.61
41071	23407911931.13
42001	59602606965.24
42003	583055859144.23
42005	31302791891.20
42007	83030067005.63
42009	23385021101.47
42011	259731361807.34
42013	59230387584.13
42015	28332821367.78
42017	452217574099.19
42019	94760699696.28
42021	63507319543.91
42023	2024165778.26
42025	38613400415.62
42027	75465665634.49
42029	344355237833.43
42031	17370610223.51
42033	36487480479.96
42035	17921862436.27
42037	34372509908.63
42039	37419346935.02
42041	142474763493.86
42043	157727508076.70
42045	396043393209.57
42047	13857937876.68
42049	114774229736.85
42051	61182685114.81
42053	3094943432.85
42055	82371450184.83
42057	7402183569.38
42059	16939776265.53
42061	21856239751.69
42063	39808347892.41
42065	20342625577.52
42067	12063729054.22
42069	114989495349.66
42071	329655129955.97
42073	41650463276.15
42075	83097926633.24
42077	234481127615.59
42079	173906460120.70
42081	54332045324.49
42083	17666357636.24
42085	51552861813.53
42087	23177307955.77
42089	101008417664.38
42091	588471815677.38
42093	9415996666.86
42095	203176162726.56
42097	47847855539.69
42099	24444501178.50
42101	1058760392501.36
42103	35283418151.30
42105	7258399211.75
42107	80951461278.77
42109	20495513132.32
42111	35274060975.72
42113	2899569937.47
42115	18914953390.55
42117	18795048022.86
42119	21374002272.24
42121	22882284114.93
42123	16697527187.20
42125	103425168801.93
42127	27023243206.82
42129	171389756983.32
42131	13361522759.18
42133	265127106972.99
44001	25009437230.89
44003	84300841981.81
44005	38869811081.55
44007	315867248148.50
44009	60701658309.54
45001	10538503813.72
45003	68857237338.73
45005	3002895077.61
45007	91229247679.12
45009	5067487610.98
45011	8086633800.69
45013	67885934981.68
45015	87314270571.33
45017	5710444899.26
45019	145219520144.65
45021	25743362412.54
45023	14314673420.07
45025	18309355912.00
45027	12077784188.67
45029	14269818309.81
45031	25433996464.60
45033	11146027275.04
45035	61015485289.39
45037	10961306039.18
45039	8928318817.70
45041	52981870703.75
45043	23085092363.81
45045	237101932090.26
45047	29480550237.15
45049	6807330241.14
45051	133397050795.83
45053	11167426075.15
45055	27818137733.19
45057	44094205063.68
45059	29713828660.53
45061	6650109906.73
45063	123377719128.89
45065	4137602442.33
45067	11229826295.68
45069	10790926474.96
45071	16257723752.29
45073	35588139943.85
45075	32294696837.86
45077	59984531935.13
45079	169885220955.38
45081	7940566249.52
45083	150512612672.71
45085	41954294120.62
45087	12009819310.25
45089	11510523098.21
45091	132068666339.15
46003	681862894.45
46005	4712520140.96
46007	781506130.51
46009	1848761730.60
46011	9159471016.41
46013	8897474824.03
46015	1281989439.43
46017	459002942.96
46019	2207685055.71
46021	302602878.18
46023	2325111001.98
46025	957515980.69
46027	4207679349.66
46029	7167184774.56
46031	822142308.43
46033	1895592744.30
46035	5065728015.26
46037	1323416338.06
46039	1118619247.04
46041	1146376659.96
46043	715288857.35
46045	921214587.83
46047	1595397725.20
46049	493666943.17
46051	1920731551.45
46053	976515148.32
46055	408511638.59
46057	1603839107.45
46059	736101743.61
46061	907318680.17
46063	269981803.29
46065	4104002299.03
46067	1944207351.10
46069	284256644.08
46071	645026906.71
46073	402989861.72
46075	203177693.51
46077	1329372742.61
46079	2882112488.74
46081	5555704699.33
46083	18881361629.13
46085	886216660.97
46087	1522663900.23
46089	544954357.73
46091	1034477410.65
46093	6527862650.42
46095	442926934.59
46097	601265689.89
46099	53877025075.31
46101	1718633450.68
46102	3050461693.40
46103	24388760370.84
46105	591064818.84
46107	559013785.20
46109	2517135345.28
46111	600782706.58
46115	1507807096.06
46117	682422079.09
46119	335315277.80
46121	2183134984.63
46123	1334877391.28
46125	2370529388.80
46127	4768811460.48
46129	1168571453.76
46135	6304252808.44
46137	520608236.60
47001	34925459157.36
47003	22100342380.75
47005	6331352812.18
47007	6521183266.95
47009	61818605766.90
47011	49332832455.40
47013	17441714494.15
47015	6393504754.36
47017	11094329696.79
47019	25207289374.69
47021	18364912347.30
47023	6782420579.39
47025	14237484811.80
47027	3279944179.14
47029	16299824717.91
47031	25429350735.20
47033	5397653858.48
47035	27174132571.76
47037	299623428550.88
47039	4507114046.50
47041	8938342039.33
47043	23372043099.11
47045	13937367832.65
47047	16594904898.58
47049	8182940516.20
47051	18503035821.95
47053	19509779523.12
47055	12603330217.13
47057	10683026953.98
47059	31537113009.22
47061	5903058330.97
47063	28727643171.59
47065	160871265609.87
47067	3009246137.27
47069	9674607316.81
47071	10463785611.23
47073	25415702853.80
47075	6817101952.99
47077	10916985933.56
47079	12791895656.37
47081	10366625986.63
47083	3412522877.51
47085	7808120596.56
47087	5120152158.06
47089	25003319530.78
47091	8090226853.74
47093	213397294971.50
47095	2513306757.66
47097	9519442277.44
47099	18126683474.14
47101	5247950838.80
47103	15011006496.09
47105	25378485708.33
47107	23964976495.62
47109	9954100318.32
47111	11194581214.25
47113	37882603580.52
47115	12614189875.92
47117	14946467139.60
47119	44235108162.90
47121	5808097590.52
47123	20807456369.61
47125	94768514122.33
47127	2853828617.71
47129	9270377565.44
47131	11722621255.03
47133	9910715848.55
47135	3389635243.17
47137	2205654859.96
47139	7990307010.90
47141	35138286765.68
47143	14652596074.03
47145	23960730644.78
47147	32375645519.41
47149	151871400354.07
47151	9592539557.36
47153	7258612264.45
47155	44591454990.82
47157	335620569495.02
47159	8842101385.93
47161	5653556600.63
47163	70598009717.27
47165	87612002678.36
47167	23739481876.17
47169	5140857482.88
47171	7997948583.33
47173	8995849711.32
47175	2738766882.76
47177	18013951474.52
47179	59605066568.93
47181	6492704433.89
47183	12818123248.41
47185	11998195705.98
47187	111535627921.63
47189	67210704635.29
48001	20428599016.57
48003	4474529621.90
48005	29200169171.61
48007	6655130090.76
48009	2699472394.23
48011	481372782.22
48013	14626632695.28
48015	11024335544.34
48017	1676754111.51
48019	6248974635.69
48021	35415484262.02
48023	1019817681.36
48025	8547739238.01
48027	130991718244.00
48029	565784415283.75
48031	3939038517.04
48033	159606423.98
48035	6502652948.23
48037	31114848105.07
48039	131159263725.69
48041	83294379750.08
48043	2017365554.74
48045	367213826.25
48047	1698371970.26
48049	11379753635.67
48051	6390176974.14
48053	17034140554.18
48055	15987912912.59
48057	5623562968.35
48059	4111304297.24
48061	94157625982.72
48063	4405605240.07
48065	1492914552.29
48067	9730476716.67
48069	1864726086.18
48071	17668505230.66
48073	17690114837.26
48075	1853660364.72
48077	3343405037.56
48079	611586010.03
48081	881776514.39
48083	2221824009.92
48085	444201260614.38
48087	707999321.81
48089	6993171834.99
48091	59783041508.76
48093	4343890250.43
48095	917765059.84
48097	15780972460.84
48099	28575625025.97
48101	370219608.63
48103	1103820779.23
48105	729692291.41
48107	1337859906.21
48109	480700887.09
48111	1788670988.91
48113	1000024962673.03
48115	3118101087.37
48117	4582925890.54
48119	1923697015.80
48121	380653359427.34
48123	6062821541.02
48125	461911151.58
48127	2074622936.86
48129	893899613.26
48131	2494589380.39
48133	5484664458.19
48135	38413506356.61
48137	364540695.97
48139	83278354899.79
48141	182691583445.99
48143	14428727843.78
48145	6032846856.29
48147	13494935486.18
48149	8308052636.77
48151	997048572.24
48153	1388681353.26
48155	296151782.53
48157	324067266241.66
48159	3683245945.48
48161	7021508412.20
48163	4793029904.41
48165	5336264377.95
48167	123237802488.40
48169	1632898876.20
48171	8204460498.25
48173	288296805.94
48175	2057379488.46
48177	6298882495.74
48179	5583865329.72
48181	52899690101.08
48183	42970307890.89
48185	11133077165.83
48187	58778954769.82
48189	8318140899.90
48191	760479851.31
48193	2712154196.64
48195	1329019618.88
48197	998015766.38
48199	19590814842.72
48201	1478600230906.02
48203	23758232613.55
48205	1343392115.72
48207	1528191199.89
48209	88974473713.41
48211	894456710.23
48213	30364509018.64
48215	192431393034.46
48217	13539703127.44
48219	5365582225.93
48221	23465197906.46
48223	13407289139.41
48225	7615779867.87
48227	8733540481.41
48229	724273998.55
48231	40366770322.66
48233	5298184904.40
48235	389525445.33
48237	2944776616.26
48239	4643290280.92
48241	10755412326.66
48243	422180801.86
48245	82721492034.48
48247	1133612105.22
48249	9965586757.47
48251	74841283434.76
48253	5566407808.74
48255	4366010119.85
48257	64115631771.10
48259	14982373772.02
48261	83455199.90
48263	198321138.32
48265	15089563175.05
48267	1185915191.36
48269	69985257.52
48271	764802189.75
48273	7827480738.93
48275	934661227.19
48277	17543118419.02
48279	3248015668.32
48281	7198764181.11
48283	1721741866.28
48285	6534580715.21
48287	6151764818.24
48289	5591217795.34
48291	36536996278.86
48293	7838991379.96
48295	780665168.77
48297	3092040818.92
48299	6806932019.25
48301	13090383.14
48303	79093786192.00
48305	1451061828.01
48307	2157277787.44
48309	91708687102.97
48311	158631101.77
48313	4789960018.20
48315	3306477176.55
48317	1305121869.67
48319	1135846665.09
48321	11191988245.18
48323	13759754168.80
48325	15349072574.38
48327	536162644.44
48329	41056000877.90
48331	8860090498.93
48333	1396720320.65
48335	2365852793.90
48337	7070679526.47
48339	256345316496.52
48341	5400210954.10
48343	4143229198.84
48345	283767665.36
48347	21843896681.58
48349	19985273730.10
48351	3982919688.93
48353	3945453131.57
48355	90176068896.81
48357	2567642801.57
48359	432649815.06
48361	27661537142.52
48363	9575679164.86
48365	7643910478.20
48367	59281187566.92
48369	2422584117.49
48371	3437353892.05
48373	18058074492.30
48375	29735347454.90
48377	1273162830.78
48379	4665676175.17
48381	36683573872.30
48383	797654407.23
48385	747809202.24
48387	3955536052.86
48389	2911243488.61
48391	1868086449.04
48393	211013897.69
48395	5948462991.35
48397	51550234584.74
48399	2731899416.97
48401	18251591691.47
48403	3278983111.46
48405	2628205678.67
48407	10349023880.83
48409	18947383078.76
48411	1762098065.29
48413	630969657.65
48415	4420541531.36
48417	930924670.67
48419	7992887735.76
48421	710029412.39
48423	82894740609.29
48425	3414049834.87
48427	15162223948.24
48429	2914042920.18
48431	355353675.67
48433	330416031.38
48435	835403501.02
48437	1808461026.69
48439	816072976867.99
48441	39910258516.50
48443	164697569.51
48445	2927667274.25
48447	446590330.45
48449	10818776623.96
48451	31171322848.35
48453	429645134652.32
48455	4804088496.56
48457	6727888231.63
48459	14661603516.89
48461	784136968.48
48463	6501563719.05
48465	11286316468.88
48467	22820943747.70
48469	26691573800.81
48471	28526081092.44
48473	23270108316.34
48475	2571907987.75
48477	12800311131.43
48479	62845518448.98
48481	14092866010.88
48483	1329690250.82
48485	39556342157.27
48487	3717684001.56
48489	4922244523.41
48491	225428339939.52
48493	16263266767.50
48495	1738575200.88
48497	27250759152.47
48499	16489021418.78
48501	1844051138.79
48503	5608208945.08
48505	3166102111.92
48507	2404001600.00
49001	1645980788.17
49003	13085816489.79
49005	30818466435.72
49007	4654672760.13
49009	216669463.80
49011	91685655939.33
49013	4535226242.57
49015	2255089025.07
49017	1166874501.96
49019	2186797068.65
49021	14041812300.61
49023	2787419038.55
49025	1837341250.81
49027	2969274265.57
49029	3152464194.77
49031	336485559.20
49033	584326674.49
49035	273215156660.49
49037	3269912201.11
49039	6721995703.74
49041	4964469311.95
49043	10092770246.60
49045	17384233938.22
49047	8132824038.58
49049	159596382223.98
49051	8838552556.26
49053	45321276418.73
49055	579118447.98
49057	63638102568.10
50001	13040803439.05
50003	15656062320.57
50005	9574382476.09
50007	54629390408.16
50009	1775150136.30
50011	15377011905.68
50013	2321209570.15
50015	8267209716.46
50017	10176889288.09
50019	8250976271.53
50021	22754841204.32
50023	19873889448.86
50025	19382020604.11
50027	21694278048.61
51001	14500847551.99
51007	6127341099.39
51009	14141093320.31
51011	7378301536.37
51013	178981075115.17
51017	1831445940.71
51019	35883608310.25
51021	2735783931.10
51023	15208343623.25
51025	6948632010.67
51027	8730171902.09
51029	7718278029.32
51033	15745020935.04
51036	3076184411.41
51037	5115250518.11
51041	170684242938.77
51043	8109765990.99
51045	2191046929.27
51047	27768970845.75
51049	4446934573.37
51051	6099879803.99
51057	5240266318.90
51061	40933476976.62
51063	6977243554.68
51065	13061842906.76
51067	24733238566.17
51071	7377390735.67
51073	17709972348.84
51075	12110404429.73
51077	6822027530.26
51079	10132414483.48
51083	14994983233.15
51085	54192112344.07
51087	156947666599.17
51091	1016000027.33
51093	17367114359.37
51097	3185731664.48
51099	14613855536.14
51101	8749426683.35
51103	5017935128.95
51105	9736744251.81
51107	246670072766.13
51109	18893363367.49
51111	5295066405.92
51113	6886213010.03
51115	3789163826.43
51117	13261324188.05
51119	4952206678.35
51125	6763894289.48
51127	11220276413.21
51131	5097792956.62
51133	5641845528.96
51135	6992652526.77
51137	18511007232.75
51139	11669803609.01
51141	7981339417.00
51145	14627233782.13
51147	9816806687.21
51155	15048595955.29
51157	3816906930.88
51159	4334241850.90
51167	11299953991.81
51169	9530484482.54
51171	21983599777.98
51173	13078900989.93
51179	88010320087.03
51181	2933246223.28
51183	4776464381.49
51185	17614808483.36
51187	21117635145.74
51193	9528084812.54
51197	12484862743.81
51510	115349702212.61
51550	106129955865.97
51650	58432477773.40
51700	81519301354.70
51710	102781177221.60
51740	43985142991.95
51760	109015594402.64
51770	43774635032.46
51800	41133182968.38
51810	186266450485.28
51901	74130652928.58
51903	9237163946.54
51907	57493564821.72
51911	59711319335.09
51913	15957617898.63
51918	35694903530.15
51919	729708283034.60
51921	62623359485.14
51923	7323239102.00
51929	28820390880.76
51931	43198976028.25
51933	51460815213.30
51939	45670110249.70
51941	30012758224.17
51942	320898842249.38
51944	54130902238.50
51945	16480583057.79
51947	63740340390.81
51949	11091179212.76
51951	86901707016.38
51953	31367662816.09
51955	17296550477.75
51958	37465883940.53
53001	3940948620.76
53003	4224172576.94
53005	40934296966.35
53007	16114167130.81
53009	13573171709.16
53011	120619732416.44
53013	765055816.92
53015	24756356929.60
53017	8343730952.06
53019	1278324429.93
53021	18985786235.10
53023	445603602.41
53025	19308673736.04
53027	14425722551.83
53029	17845810686.31
53031	6314539590.78
53033	450119065262.13
53035	60832813544.41
53037	9413925746.05
53039	4758564960.65
53041	19103770765.99
53043	2111239509.17
53045	13956417030.84
53047	7602367020.53
53049	4622761662.21
53051	2427396603.49
53053	208324729203.32
53055	3362566856.22
53057	26401389615.45
53059	2729020456.25
53061	174072161892.31
53063	97212031471.04
53065	8371564141.75
53067	64533855115.32
53069	936779477.73
53071	11947011404.99
53073	40942756112.21
53075	8146244068.07
53077	52285805490.06
54001	7109539096.50
54003	66889618174.92
54005	9509965067.82
54007	5505667093.91
54009	10908574530.75
54011	42056193814.39
54013	2778037863.61
54015	3527733794.05
54017	3550400657.90
54019	17750282635.61
54021	3334652379.93
54023	5182743258.82
54025	14449897814.44
54027	11562891368.18
54029	14243102306.77
54031	6801079995.35
54033	30087609187.79
54035	12576157574.64
54037	32426230012.96
54039	78815865791.98
54041	7668544822.21
54043	9046098518.19
54045	14115290770.74
54047	8105542002.20
54049	26324492710.66
54051	14317769403.37
54053	11508836706.75
54055	26059022980.11
54057	12949165900.33
54059	10202960598.19
54061	50200241939.74
54063	5494992323.85
54065	8889763683.36
54067	10832153041.22
54069	20257800994.10
54071	2804382175.01
54073	3502439299.46
54075	3525769415.42
54077	16119907696.81
54079	25874278612.66
54081	32508453633.67
54083	12645207639.69
54085	3823773933.49
54087	6263295315.93
54089	5261978296.50
54091	7687141126.45
54093	3096809188.01
54095	3805703858.60
54097	10793049506.97
54099	17234313991.63
54101	3696478104.57
54103	6628341184.54
54105	2304396630.17
54107	38232814829.73
54109	9261806762.71
55001	7440376443.93
55003	4309321916.18
55005	14388595897.68
55007	4392889936.67
55009	95120134521.00
55011	4412848789.91
55013	4953810546.31
55015	19988797127.27
55017	20995066750.48
55019	11294401755.16
55021	22777087555.76
55023	5709445909.18
55025	220425441640.49
55027	36165012472.76
55029	10005224994.38
55031	12024208429.07
55033	14372447003.65
55035	34182071391.59
55037	1367085150.15
55039	40793914468.39
55041	2806195281.67
55043	18780137143.52
55045	15253158322.61
55047	7322803187.86
55049	9057169092.59
55051	1729856512.51
55053	7008381582.16
55055	37104618303.97
55057	9450567416.56
55059	86590757297.31
55061	7300288144.38
55063	40449942546.52
55065	6529441944.94
55067	6174294158.46
55069	8850521261.33
55071	30544305451.86
55073	44583535383.77
55075	13231558882.46
55077	5859124706.68
55078	1418408413.82
55079	405606527875.64
55081	15977091958.56
55083	13059258437.72
55085	11444613556.58
55087	68545251641.07
55089	39953777161.21
55091	2442925369.68
55093	14060427623.53
55095	14372054955.67
55097	23837579893.94
55099	4178876623.01
55101	97061299674.64
55103	6226632230.60
55105	71382783997.98
55107	4282018284.18
55109	31872287711.55
55111	24499160241.35
55113	5301312911.72
55115	13837855276.02
55117	46849322002.03
55119	6214577463.67
55121	10225253023.44
55123	10832326699.78
55125	6785335290.60
55127	48676549652.15
55129	4884045195.24
55131	57894780566.71
55133	179461272513.03
55135	18306326446.92
55137	8984361016.32
55139	63473947987.04
55141	24983324722.10
56001	8724093827.52
56003	2316882149.74
56005	9607249781.62
56007	3268679196.53
56009	2964988490.11
56011	1521798494.52
56013	8159234266.26
56015	2892277551.10
56017	930074250.73
56019	1774600671.79
56021	24323904711.31
56023	4300547125.14
56025	16866506902.40
56027	530432822.39
56029	5914891428.11
56031	1975332991.57
56033	6314773777.87
56035	1816603710.52
56037	8985249252.12
56039	4720134730.59
56041	4621098067.71
56043	1570271422.36
56045	1443499264.81
