1001	0.00
1003	2533693098.05
1005	0.00
1007	0.00
1009	0.00
1011	0.00
1013	0.00
1015	0.00
1017	0.00
1019	0.00
1021	0.00
1023	0.00
1025	0.00
1027	91375957.01
1029	0.00
1031	0.00
1033	28794546.10
1035	0.00
1037	0.00
1039	0.00
1041	0.00
1043	0.00
1045	0.00
1047	0.00
1049	0.00
1051	0.00
1053	0.00
1055	186138027.60
1057	0.00
1059	0.00
1061	0.00
1063	0.00
1065	0.00
1067	0.00
1069	0.00
1071	0.00
1073	689356760.35
1075	0.00
1077	0.00
1079	0.00
1081	0.00
1083	0.00
1085	0.00
1087	0.00
1089	549398678.84
1091	0.00
1093	0.00
1095	131166076.58
1097	600182137.68
1099	0.00
1101	651481569.07
1103	25310771.02
1105	0.00
1107	0.00
1109	0.00
1111	0.00
1113	0.00
1115	0.00
1117	26420614.37
1119	0.00
1121	70940652.14
1123	0.00
1125	0.00
1127	0.00
1129	0.00
1131	0.00
1133	0.00
2013	0.00
2016	0.00
2020	919810980.71
2050	0.00
2060	0.00
2063	0.00
2066	0.00
2068	156861291.95
2070	0.00
2090	614487364.86
2100	163810642.98
2105	179447151.26
2110	904277592.24
2122	1046421175.04
2130	527096355.29
2150	25626769.38
2158	0.00
2164	0.00
2170	527422089.92
2180	176115123.83
2185	0.00
2188	3200703.16
2195	0.00
2198	0.00
2220	406424694.30
2230	934601970.66
2240	0.00
2275	69974261.62
2282	0.00
2290	0.00
4001	271921384.51
4003	1377415820.65
4005	3519834126.39
4007	0.00
4009	0.00
4011	0.00
4012	0.00
4013	4115140473.47
4015	465184004.37
4017	183039425.30
4019	1725612621.86
4021	952932016.23
4023	0.00
4025	5138301757.11
4027	300100676.53
5001	0.00
5003	0.00
5005	59059860.61
5007	437144315.12
5009	0.00
5011	51437429.44
5013	0.00
5015	1243688233.55
5017	0.00
5019	0.00
5021	0.00
5023	0.00
5025	0.00
5027	0.00
5029	171616404.77
5031	0.00
5033	0.00
5035	0.00
5037	0.00
5039	0.00
5041	0.00
5043	0.00
5045	0.00
5047	0.00
5049	0.00
5051	0.00
5053	0.00
5055	0.00
5057	24229974.26
5059	2283839281.60
5061	0.00
5063	0.00
5065	0.00
5067	0.00
5069	0.00
5071	0.00
5073	0.00
5075	0.00
5077	0.00
5079	0.00
5081	0.00
5083	0.00
5085	0.00
5087	16408737.61
5089	0.00
5091	0.00
5093	0.00
5095	0.00
5097	101341019.11
5099	0.00
5101	0.00
5103	0.00
5105	0.00
5107	0.00
5109	282989208.72
5111	0.00
5113	0.00
5115	0.00
5117	0.00
5119	770513022.96
5121	0.00
5123	0.00
5125	0.00
5127	0.00
5129	0.00
5131	133590491.08
5133	0.00
5135	0.00
5137	212103764.29
5139	0.00
5141	0.00
5143	0.00
5145	0.00
5147	0.00
5149	0.00
6001	211292018.61
6003	0.00
6005	0.00
6007	0.00
6009	35355961.40
6011	0.00
6013	8290710.26
6015	375660773.25
6017	639819714.88
6019	145605162.36
6021	0.00
6023	152470627.82
6025	0.00
6027	469261132.48
6029	94600314.46
6031	0.00
6033	0.00
6035	0.00
6037	5565168710.39
6039	35369718.58
6041	801537652.41
6043	786388662.78
6045	380081965.93
6047	0.00
6049	51524361.11
6051	0.00
6053	912410034.14
6055	937001569.26
6057	0.00
6059	2155941010.20
6061	87275110.55
6063	0.00
6065	1787366048.77
6067	0.00
6069	101906524.57
6071	281059608.66
6073	4977183935.23
6075	3922227143.90
6077	0.00
6079	1113670911.88
6081	115038198.98
6083	983650832.06
6085	158745323.41
6087	1088904222.85
6089	113219963.86
6091	0.00
6093	0.00
6095	2173004578.68
6097	2746689335.26
6099	136376138.45
6101	142718595.97
6103	62099814.17
6105	0.00
6107	103814314.39
6109	115934551.45
6111	594611872.11
6113	0.00
6115	0.00
8001	3113399588.45
8003	271356948.44
8005	11067537.97
8007	700363040.94
8009	0.00
8011	0.00
8013	506749677.82
8014	0.00
8015	933908732.07
8017	0.00
8019	1270848365.11
8021	0.00
8023	0.00
8025	0.00
8027	154166126.34
8029	0.00
8031	0.00
8033	0.00
8035	0.00
8037	1192295605.65
8039	0.00
8041	2610100687.49
8043	886391579.22
8045	585623465.89
8047	89947476.17
8049	0.00
8051	280511317.91
8053	70953069.59
8055	0.00
8057	0.00
8059	225978039.60
8061	0.00
8063	0.00
8065	248034644.12
8067	313543084.82
8069	1798849509.78
8071	0.00
8073	0.00
8075	0.00
8077	173492408.02
8079	0.00
8081	0.00
8083	292983765.28
8085	0.00
8087	0.00
8089	0.00
8091	1031932858.27
8093	166037455.23
8095	0.00
8097	243165387.59
8099	0.00
8101	86246771.95
8103	0.00
8105	620945162.24
8107	1269967089.66
8109	0.00
8111	336490728.33
8113	275887730.84
8115	0.00
8117	1493222991.32
8119	339502977.59
8121	0.00
8123	0.00
8125	0.00
9001	128673171.84
9003	583536183.11
9005	29260690.28
9007	319429611.50
9009	0.00
9011	0.00
9013	0.00
9015	0.00
10001	0.00
10003	0.00
10005	0.00
11001	0.00
12001	70446336.54
12003	464253759.95
12005	130055005.33
12007	0.00
12009	13508848140.38
12011	8792379182.02
12013	0.00
12015	1277383364.13
12017	3816078298.25
12019	0.00
12021	9678779108.57
12023	47048341.57
12027	0.00
12029	0.00
12031	20132939.99
12033	658668519.22
12035	280434932.10
12037	26131366.51
12039	0.00
12041	0.00
12043	432780645.45
12045	0.00
12047	0.00
12049	0.00
12051	0.00
12053	213956378.47
12055	0.00
12057	3296792557.69
12059	0.00
12061	490420013.63
12063	0.00
12065	29263585.83
12067	0.00
12069	1369190521.86
12071	4615284719.10
12073	0.00
12075	169664623.89
12077	0.00
12079	0.00
12081	5992799930.41
12083	446335327.14
12085	3370383952.42
12086	1884995700.60
12087	15787193701.17
12089	487018647.11
12091	3004017945.57
12093	0.00
12095	4870523615.76
12097	488916988.66
12099	1429178466.80
12101	294172049.31
12103	5466271787.46
12105	283802422.34
12107	0.00
12109	0.00
12111	303858473.87
12113	121681616.25
12115	635833844.28
12117	88710459.60
12119	8401554.43
12121	0.00
12123	0.00
12125	0.00
12127	1022517916.60
12129	0.00
12131	2194260150.21
12133	0.00
13001	35744938.28
13003	0.00
13005	0.00
13007	0.00
13009	0.00
13011	149084685.29
13013	205962427.31
13015	0.00
13017	0.00
13019	0.00
13021	193792958.82
13023	0.00
13025	179143625.71
13027	0.00
13029	0.00
13031	0.00
13033	0.00
13035	0.00
13037	0.00
13039	0.00
13043	0.00
13045	0.00
13047	194555395.02
13049	0.00
13051	9742132709.22
13053	0.00
13055	0.00
13057	522327732.32
13059	41796263.61
13061	0.00
13063	4865499957.18
13065	0.00
13067	0.00
13069	0.00
13071	0.00
13073	244344572.98
13075	0.00
13077	76775298.28
13079	0.00
13081	15434745.86
13083	942336687.80
13085	1126348862.77
13087	0.00
13089	112479121.87
13091	0.00
13093	0.00
13095	0.00
13097	0.00
13099	0.00
13101	0.00
13103	0.00
13105	0.00
13107	0.00
13109	0.00
13111	1708264267.95
13113	178017956.11
13115	0.00
13117	0.00
13119	0.00
13121	0.00
13123	98374608.28
13125	0.00
13127	2347570785.12
13129	0.00
13131	130069346.41
13133	0.00
13135	0.00
13137	203133941.32
13139	502599286.82
13141	0.00
13143	0.00
13145	237944883.19
13147	0.00
13149	0.00
13151	0.00
13153	0.00
13155	0.00
13157	0.00
13159	231244974.80
13161	0.00
13163	0.00
13165	0.00
13167	0.00
13169	0.00
13171	0.00
13173	0.00
13175	0.00
13177	0.00
13179	0.00
13181	0.00
13183	0.00
13185	0.00
13187	0.00
13189	0.00
13191	0.00
13193	0.00
13195	0.00
13197	0.00
13199	0.00
13201	0.00
13205	0.00
13207	0.00
13209	0.00
13211	0.00
13213	0.00
13215	88746024.30
13217	0.00
13219	0.00
13221	0.00
13223	0.00
13225	0.00
13227	0.00
13229	0.00
13231	0.00
13233	0.00
13235	0.00
13237	0.00
13239	0.00
13241	261756588.57
13243	0.00
13245	0.00
13247	0.00
13249	0.00
13251	0.00
13253	0.00
13255	0.00
13257	0.00
13259	124500683.42
13261	0.00
13263	0.00
13265	0.00
13267	0.00
13269	0.00
13271	0.00
13273	0.00
13275	0.00
13277	0.00
13279	0.00
13281	197917373.63
13283	0.00
13285	0.00
13287	0.00
13289	0.00
13291	0.00
13293	0.00
13295	0.00
13297	0.00
13299	0.00
13301	0.00
13303	0.00
13305	0.00
13307	0.00
13309	0.00
13311	1327889121.00
13313	0.00
13315	0.00
13317	0.00
13319	0.00
13321	0.00
15001	3085284163.42
15003	2899861568.98
15007	2543052029.30
15901	3354381368.17
16001	0.00
16003	296595728.95
16005	0.00
16007	0.00
16009	0.00
16011	269243987.94
16013	0.00
16015	114153101.04
16017	24940887.76
16019	0.00
16021	0.00
16023	235310324.71
16025	0.00
16027	0.00
16029	0.00
16031	0.00
16033	8000083.52
16035	0.00
16037	250592189.69
16039	0.00
16041	0.00
16043	187668827.70
16045	0.00
16047	19729285.19
16049	227361879.19
16051	0.00
16053	252379435.76
16055	253741833.46
16057	0.00
16059	115519668.55
16061	0.00
16063	0.00
16065	83985589.51
16067	0.00
16069	115688766.63
16071	0.00
16073	0.00
16075	0.00
16077	0.00
16079	36552858.02
16081	0.00
16083	0.00
16085	0.00
16087	0.00
17001	0.00
17003	0.00
17005	0.00
17007	133891000.94
17009	0.00
17011	0.00
17013	0.00
17015	0.00
17017	0.00
17019	0.00
17021	0.00
17023	0.00
17025	0.00
17027	0.00
17029	0.00
17031	6648430226.55
17033	0.00
17035	0.00
17037	0.00
17039	0.00
17041	0.00
17043	155201523.29
17045	0.00
17047	0.00
17049	0.00
17051	0.00
17053	0.00
17055	0.00
17057	0.00
17059	0.00
17061	0.00
17063	0.00
17065	0.00
17067	0.00
17069	0.00
17071	0.00
17073	0.00
17075	0.00
17077	0.00
17079	0.00
17081	0.00
17083	31665329.61
17085	1251874936.98
17087	0.00
17089	0.00
17091	0.00
17093	0.00
17095	0.00
17097	0.00
17099	131763285.76
17101	0.00
17103	0.00
17105	0.00
17107	0.00
17109	0.00
17111	0.00
17113	0.00
17115	0.00
17117	0.00
17119	0.00
17121	0.00
17123	0.00
17125	0.00
17127	0.00
17129	0.00
17131	0.00
17133	0.00
17135	0.00
17137	0.00
17139	0.00
17141	0.00
17143	0.00
17145	0.00
17147	0.00
17149	0.00
17151	0.00
17153	0.00
17155	0.00
17157	0.00
17159	0.00
17161	0.00
17163	0.00
17165	0.00
17167	577947247.43
17169	0.00
17171	0.00
17173	0.00
17175	0.00
17177	0.00
17179	0.00
17181	0.00
17183	0.00
17185	0.00
17187	0.00
17189	0.00
17191	0.00
17193	0.00
17195	0.00
17197	0.00
17199	0.00
17201	0.00
17203	0.00
18001	0.00
18003	112907061.13
18005	578706296.96
18007	0.00
18009	0.00
18011	1170045578.53
18013	0.00
18015	226830820.25
18017	0.00
18019	82339153.27
18021	0.00
18023	0.00
18025	196109780.07
18027	0.00
18029	21096281.79
18031	0.00
18033	0.00
18035	0.00
18037	0.00
18039	190662389.00
18041	0.00
18043	0.00
18045	0.00
18047	0.00
18049	0.00
18051	99604419.74
18053	0.00
18055	0.00
18057	241278357.26
18059	0.00
18061	0.00
18063	0.00
18065	0.00
18067	0.00
18069	0.00
18071	0.00
18073	0.00
18075	0.00
18077	257936913.51
18079	0.00
18081	0.00
18083	0.00
18085	0.00
18087	55065126.16
18089	37230705.10
18091	0.00
18093	0.00
18095	0.00
18097	0.00
18099	0.00
18101	0.00
18103	0.00
18105	0.00
18107	0.00
18109	0.00
18111	0.00
18113	0.00
18115	0.00
18117	93749389.80
18119	0.00
18121	0.00
18123	0.00
18125	0.00
18127	224081454.34
18129	9721129.39
18131	0.00
18133	0.00
18135	0.00
18137	0.00
18139	0.00
18141	157157754.76
18143	0.00
18145	0.00
18147	141617755.82
18149	0.00
18151	0.00
18153	0.00
18155	0.00
18157	0.00
18159	0.00
18161	0.00
18163	0.00
18165	0.00
18167	0.00
18169	0.00
18171	0.00
18173	0.00
18175	0.00
18177	0.00
18179	0.00
18181	0.00
18183	0.00
19001	87425104.92
19003	0.00
19005	0.00
19007	0.00
19009	0.00
19011	6998501.42
19013	88561309.42
19015	119026565.92
19017	0.00
19019	0.00
19021	0.00
19023	0.00
19025	0.00
19027	0.00
19029	0.00
19031	104354716.05
19033	0.00
19035	0.00
19037	0.00
19039	0.00
19041	0.00
19043	0.00
19045	0.00
19047	0.00
19049	47484418.10
19051	0.00
19053	0.00
19055	59474210.14
19057	0.00
19059	0.00
19061	343348027.28
19063	0.00
19065	0.00
19067	0.00
19069	0.00
19071	0.00
19073	0.00
19075	0.00
19077	0.00
19079	0.00
19081	0.00
19083	0.00
19085	0.00
19087	0.00
19089	0.00
19091	53245913.73
19093	0.00
19095	0.00
19097	0.00
19099	0.00
19101	0.00
19103	0.00
19105	0.00
19107	0.00
19109	0.00
19111	9110777.69
19113	0.00
19115	0.00
19117	0.00
19119	0.00
19121	0.00
19123	0.00
19125	0.00
19127	0.00
19129	0.00
19131	0.00
19133	0.00
19135	0.00
19137	0.00
19139	233430167.79
19141	0.00
19143	0.00
19145	0.00
19147	0.00
19149	50949875.52
19151	0.00
19153	376206152.38
19155	0.00
19157	0.00
19159	0.00
19161	0.00
19163	138493928.65
19165	0.00
19167	0.00
19169	0.00
19171	0.00
19173	0.00
19175	0.00
19177	0.00
19179	0.00
19181	0.00
19183	0.00
19185	0.00
19187	0.00
19189	0.00
19191	0.00
19193	0.00
19195	0.00
19197	0.00
20001	0.00
20003	0.00
20005	0.00
20007	0.00
20009	0.00
20011	0.00
20013	0.00
20015	543658048.72
20017	0.00
20019	0.00
20021	0.00
20023	0.00
20025	0.00
20027	171601605.70
20029	0.00
20031	0.00
20033	0.00
20035	0.00
20037	0.00
20039	0.00
20041	0.00
20043	0.00
20045	0.00
20047	0.00
20049	0.00
20051	0.00
20053	0.00
20055	0.00
20057	181649967.45
20059	0.00
20061	107344064.29
20063	0.00
20065	0.00
20067	0.00
20069	0.00
20071	0.00
20073	0.00
20075	0.00
20077	0.00
20079	0.00
20081	0.00
20083	0.00
20085	284137141.25
20087	0.00
20089	0.00
20091	520050458.64
20093	0.00
20095	0.00
20097	0.00
20099	0.00
20101	0.00
20103	0.00
20105	0.00
20107	0.00
20109	0.00
20111	0.00
20113	0.00
20115	0.00
20117	0.00
20119	0.00
20121	0.00
20123	0.00
20125	1615080.35
20127	0.00
20129	0.00
20131	0.00
20133	0.00
20135	0.00
20137	0.00
20139	0.00
20141	0.00
20143	0.00
20145	0.00
20147	0.00
20149	99554911.94
20151	0.00
20153	0.00
20155	299449414.01
20157	0.00
20159	0.00
20161	0.00
20163	0.00
20165	0.00
20167	0.00
20169	0.00
20171	0.00
20173	71603645.89
20175	0.00
20177	0.00
20179	0.00
20181	0.00
20183	0.00
20185	0.00
20187	0.00
20189	0.00
20191	0.00
20193	0.00
20195	0.00
20197	0.00
20199	0.00
20201	0.00
20203	0.00
20205	0.00
20207	0.00
20209	0.00
21001	0.00
21003	0.00
21005	1032249024.58
21007	0.00
21009	751405029.47
21011	76849345.65
21013	207769840.45
21015	460428774.85
21017	1957610556.58
21019	0.00
21021	0.00
21023	0.00
21025	193753753.10
21027	0.00
21029	5052600868.32
21031	585281811.34
21033	18390567.84
21035	0.00
21037	554992816.79
21039	0.00
21041	0.00
21043	0.00
21045	0.00
21047	151959473.64
21049	0.00
21051	0.00
21053	0.00
21055	0.00
21057	0.00
21059	75119401.06
21061	0.00
21063	0.00
21065	0.00
21067	0.00
21069	0.00
21071	0.00
21073	0.00
21075	0.00
21077	0.00
21079	0.00
21081	274839538.70
21083	0.00
21085	0.00
21087	0.00
21089	0.00
21091	0.00
21093	340095186.80
21095	0.00
21097	0.00
21099	0.00
21101	0.00
21103	0.00
21105	0.00
21107	0.00
21109	0.00
21111	137476535.41
21113	212526429.27
21115	0.00
21117	127929739.16
21119	0.00
21121	848434916.81
21123	0.00
21125	0.00
21127	0.00
21129	363728142.93
21131	0.00
21133	0.00
21135	0.00
21137	0.00
21139	0.00
21141	0.00
21143	0.00
21145	0.00
21147	0.00
21149	0.00
21151	0.00
21153	0.00
21155	275295150.47
21157	0.00
21159	0.00
21161	0.00
21163	0.00
21165	0.00
21167	0.00
21169	0.00
21171	0.00
21173	0.00
21175	0.00
21177	0.00
21179	1292024928.97
21181	0.00
21183	0.00
21185	106798340.25
21187	0.00
21189	0.00
21191	0.00
21193	0.00
21195	0.00
21197	240817407.70
21199	0.00
21201	0.00
21203	0.00
21205	0.00
21207	0.00
21209	0.00
21211	0.00
21213	0.00
21215	0.00
21217	0.00
21219	0.00
21221	0.00
21223	0.00
21225	0.00
21227	0.00
21229	0.00
21231	0.00
21233	0.00
21235	0.00
21237	0.00
21239	0.00
22001	0.00
22003	0.00
22005	73314325.17
22007	0.00
22009	0.00
22011	0.00
22013	0.00
22015	68285862.78
22017	0.00
22019	0.00
22021	0.00
22023	0.00
22025	0.00
22027	0.00
22029	0.00
22031	0.00
22033	309317606.10
22035	0.00
22037	11281159.29
22039	0.00
22041	0.00
22043	0.00
22045	240062947.31
22047	34872284.43
22049	0.00
22051	7708653358.17
22053	0.00
22055	330676033.17
22057	0.00
22059	0.00
22061	0.00
22063	0.00
22065	0.00
22067	0.00
22069	0.00
22071	0.00
22073	0.00
22075	0.00
22077	0.00
22079	0.00
22081	0.00
22083	0.00
22085	0.00
22087	0.00
22089	85023373.45
22091	0.00
22093	132019249.93
22095	0.00
22097	0.00
22099	0.00
22101	0.00
22103	186111633.47
22105	0.00
22107	0.00
22109	55994577.06
22111	0.00
22113	0.00
22115	0.00
22117	0.00
22119	0.00
22121	0.00
22123	0.00
22125	373348990.48
22127	0.00
23001	0.00
23003	0.00
23005	2731140899.38
23007	0.00
23009	1666997499.20
23011	0.00
23013	1259541858.92
23015	795783759.16
23017	0.00
23019	54548059.96
23021	109466547.17
23023	228133367.33
23025	81775093.50
23027	29687537.73
23029	23237408.78
23031	2146279728.06
24001	64752937.02
24003	3416778268.94
24005	0.00
24009	31953336.61
24011	0.00
24013	0.00
24015	0.00
24017	0.00
24019	0.00
24021	235466406.47
24023	0.00
24025	0.00
24027	79283285.69
24029	188116853.89
24031	447287830.87
24033	0.00
24035	0.00
24037	0.00
24039	17461902.23
24041	330720487.18
24043	216014902.81
24045	342390220.91
24047	1114160103.55
24510	0.00
25001	4125723180.68
25003	1290091842.21
25005	352701892.92
25007	371818999.30
25009	4019967008.68
25011	231571942.88
25013	39380223.30
25015	25997039.26
25017	1595882899.85
25019	551955082.43
25021	7759601901.02
25023	36272306.05
25025	0.00
25027	230206756.98
26001	0.00
26003	500521969.01
26005	266151215.49
26007	0.00
26009	84146922.92
26011	0.00
26013	0.00
26015	0.00
26017	101382795.04
26019	0.00
26021	32407283.49
26023	0.00
26025	0.00
26027	0.00
26029	193587726.29
26031	666579891.36
26033	381356109.17
26035	0.00
26037	0.00
26039	113655725.56
26041	121962403.57
26043	35968982.61
26045	0.00
26047	0.00
26049	46409187.49
26051	0.00
26053	0.00
26055	560947704.38
26057	0.00
26059	0.00
26061	100724559.97
26063	0.00
26065	0.00
26067	0.00
26069	0.00
26071	0.00
26073	0.00
26075	50919440.41
26077	139094829.80
26079	0.00
26081	657932718.55
26083	58159107.75
26085	0.00
26087	0.00
26089	268637700.15
26091	0.00
26093	0.00
26095	0.00
26097	1212918719.32
26099	63878629.48
26101	14929619.31
26103	288642813.04
26105	0.00
26107	0.00
26109	0.00
26111	0.00
26113	0.00
26115	0.00
26117	0.00
26119	0.00
26121	85128171.01
26123	0.00
26125	1624988506.91
26127	270088516.45
26129	0.00
26131	40665708.93
26133	0.00
26135	0.00
26137	0.00
26139	900594714.64
26141	0.00
26143	0.00
26145	390692171.84
26147	0.00
26149	0.00
26151	0.00
26153	0.00
26155	0.00
26157	0.00
26159	224086432.91
26161	434094795.75
26163	469060002.76
26165	0.00
27001	0.00
27003	1573280377.73
27005	85647625.43
27007	0.00
27009	0.00
27011	0.00
27013	82676193.70
27015	0.00
27017	797095604.70
27019	126048285.68
27021	0.00
27023	0.00
27025	67339288.16
27027	0.00
27029	0.00
27031	10314963.08
27033	0.00
27035	0.00
27037	279534643.92
27039	0.00
27041	0.00
27043	0.00
27045	108795289.34
27047	0.00
27049	0.00
27051	0.00
27053	56890001.35
27055	0.00
27057	0.00
27059	0.00
27061	0.00
27063	0.00
27065	0.00
27067	0.00
27069	0.00
27071	0.00
27073	0.00
27075	0.00
27077	477557687.89
27079	0.00
27081	0.00
27083	0.00
27085	0.00
27087	0.00
27089	0.00
27091	0.00
27093	0.00
27095	0.00
27097	0.00
27099	0.00
27101	0.00
27103	0.00
27105	0.00
27107	0.00
27109	69890598.25
27111	0.00
27113	0.00
27115	0.00
27117	0.00
27119	0.00
27121	0.00
27123	0.00
27125	0.00
27127	0.00
27129	0.00
27131	0.00
27133	0.00
27135	0.00
27137	45654357.97
27139	0.00
27141	0.00
27143	0.00
27145	0.00
27147	0.00
27149	0.00
27151	0.00
27153	0.00
27155	0.00
27157	242525045.83
27159	0.00
27161	0.00
27163	60082730.05
27165	0.00
27167	0.00
27169	86476306.17
27171	9767019.99
27173	0.00
28001	587605142.32
28003	0.00
28005	0.00
28007	0.00
28009	0.00
28011	251247508.18
28013	0.00
28015	0.00
28017	0.00
28019	0.00
28021	0.00
28023	0.00
28025	0.00
28027	0.00
28029	0.00
28031	0.00
28033	40174704.48
28035	0.00
28037	0.00
28039	0.00
28041	0.00
28043	0.00
28045	0.00
28047	841836594.76
28049	54318240.88
28051	0.00
28053	0.00
28055	232123472.90
28057	498521900.75
28059	73094035.36
28061	39134489.83
28063	0.00
28065	0.00
28067	0.00
28069	0.00
28071	0.00
28073	0.00
28075	0.00
28077	0.00
28079	0.00
28081	0.00
28083	0.00
28085	0.00
28087	0.00
28089	0.00
28091	0.00
28093	0.00
28095	0.00
28097	0.00
28099	0.00
28101	0.00
28103	0.00
28105	0.00
28107	0.00
28109	0.00
28111	0.00
28113	0.00
28115	0.00
28117	0.00
28119	0.00
28121	0.00
28123	0.00
28125	0.00
28127	0.00
28129	0.00
28131	0.00
28133	75533356.98
28135	0.00
28137	0.00
28139	0.00
28141	0.00
28143	0.00
28145	0.00
28147	0.00
28149	0.00
28151	0.00
28153	0.00
28155	0.00
28157	0.00
28159	0.00
28161	0.00
28163	0.00
29001	0.00
29003	85016953.37
29005	0.00
29007	0.00
29009	0.00
29011	0.00
29013	0.00
29015	0.00
29017	0.00
29019	45190589.24
29021	0.00
29023	0.00
29025	0.00
29027	32152764.64
29029	378308174.67
29031	0.00
29033	0.00
29035	0.00
29037	1661882950.38
29039	0.00
29041	0.00
29043	127395104.51
29045	0.00
29047	0.00
29049	0.00
29051	0.00
29053	234189878.49
29055	0.00
29057	0.00
29059	0.00
29061	0.00
29063	0.00
29065	0.00
29067	0.00
29069	0.00
29071	201385382.93
29073	10727603.50
29075	0.00
29077	177898149.76
29079	0.00
29081	0.00
29083	0.00
29085	0.00
29087	0.00
29089	0.00
29091	0.00
29093	0.00
29095	304142330.77
29097	0.00
29099	223697713.72
29101	0.00
29103	0.00
29105	0.00
29107	0.00
29109	0.00
29111	0.00
29113	26306350.98
29115	0.00
29117	0.00
29119	38488375.55
29121	0.00
29123	0.00
29125	0.00
29127	665679537.27
29129	0.00
29131	74638533.51
29133	0.00
29135	0.00
29137	0.00
29139	0.00
29141	0.00
29143	0.00
29145	0.00
29147	0.00
29149	0.00
29151	0.00
29153	0.00
29155	0.00
29157	0.00
29159	0.00
29161	0.00
29163	0.00
29165	0.00
29167	0.00
29169	0.00
29171	0.00
29173	0.00
29175	0.00
29177	0.00
29179	0.00
29181	0.00
29183	41924800.67
29185	0.00
29186	0.00
29187	0.00
29189	2202544335.33
29195	0.00
29197	0.00
29199	0.00
29201	0.00
29203	25996739.90
29205	0.00
29207	0.00
29209	5687553326.88
29211	0.00
29213	665603851.15
29215	0.00
29217	0.00
29219	0.00
29221	0.00
29223	0.00
29225	0.00
29227	0.00
29229	0.00
29510	2202544335.33
30001	0.00
30003	54832883.49
30005	0.00
30007	77554721.08
30009	0.00
30011	0.00
30013	126175966.97
30015	0.00
30017	0.00
30019	0.00
30021	0.00
30023	103483981.69
30025	0.00
30027	0.00
30029	473636582.56
30031	1673020577.73
30033	0.00
30035	0.00
30037	0.00
30039	0.00
30041	0.00
30043	210269290.38
30045	0.00
30047	0.00
30049	0.00
30051	0.00
30053	0.00
30055	0.00
30057	0.00
30059	0.00
30061	16105965.38
30063	69637846.05
30065	0.00
30067	672379797.74
30069	0.00
30071	0.00
30073	0.00
30075	0.00
30077	0.00
30079	0.00
30081	0.00
30083	0.00
30085	0.00
30087	0.00
30089	0.00
30091	0.00
30093	0.00
30095	0.00
30097	0.00
30099	0.00
30101	0.00
30103	0.00
30105	0.00
30107	0.00
30109	0.00
30111	0.00
31001	0.00
31003	0.00
31005	0.00
31007	0.00
31009	0.00
31011	0.00
31013	103445678.16
31015	0.00
31017	0.00
31019	35347659.29
31021	0.00
31023	0.00
31025	332124045.67
31027	0.00
31029	0.00
31031	0.00
31033	0.00
31035	0.00
31037	0.00
31039	0.00
31041	0.00
31043	0.00
31045	0.00
31047	0.00
31049	0.00
31051	0.00
31053	0.00
31055	963471403.53
31057	0.00
31059	0.00
31061	0.00
31063	0.00
31065	0.00
31067	0.00
31069	0.00
31071	0.00
31073	0.00
31075	0.00
31077	0.00
31079	0.00
31081	0.00
31083	0.00
31085	0.00
31087	0.00
31089	0.00
31091	0.00
31093	0.00
31095	0.00
31097	0.00
31099	50251613.39
31101	0.00
31103	0.00
31105	0.00
31107	0.00
31109	0.00
31111	108601686.36
31113	0.00
31115	0.00
31117	0.00
31119	0.00
31121	0.00
31123	0.00
31125	0.00
31127	0.00
31129	0.00
31131	0.00
31133	0.00
31135	0.00
31137	0.00
31139	0.00
31141	0.00
31143	0.00
31145	0.00
31147	0.00
31149	0.00
31151	0.00
31153	0.00
31155	0.00
31157	115933248.96
31159	0.00
31161	0.00
31163	0.00
31165	0.00
31167	0.00
31169	0.00
31171	0.00
31173	0.00
31175	0.00
31177	0.00
31179	0.00
31181	0.00
31183	0.00
31185	0.00
32001	0.00
32003	8752958636.38
32005	46174253.21
32007	0.00
32009	0.00
32011	0.00
32013	0.00
32015	0.00
32017	0.00
32019	0.00
32021	0.00
32023	0.00
32027	0.00
32029	467833528.03
32031	138144204.26
32033	74069091.55
32510	0.00
33001	226515618.65
33003	718334022.97
33005	0.00
33007	474088830.18
33009	700799614.28
33011	126754899.60
33013	101586373.28
33015	709161252.59
33017	0.00
33019	90757206.95
34001	293422526.38
34003	1164026275.93
34005	56136660.56
34007	741378932.94
34009	3200761063.48
34011	0.00
34013	781520308.43
34015	0.00
34017	1930382717.74
34019	140494836.53
34021	350509164.55
34023	676145984.65
34025	1735918027.18
34027	299632563.55
34029	421400441.05
34031	0.00
34033	0.00
34035	0.00
34037	461182415.64
34039	352587426.93
34041	0.00
35001	985914196.26
35003	0.00
35005	235624661.31
35006	0.00
35007	0.00
35009	0.00
35011	0.00
35013	0.00
35015	76810998.50
35017	0.00
35019	0.00
35021	0.00
35023	0.00
35025	0.00
35027	74449212.54
35028	235237713.14
35029	0.00
35031	61135427.26
35033	0.00
35035	291284399.91
35037	0.00
35039	1875574825.97
35041	0.00
35043	58832057.91
35045	243076724.94
35047	84657368.55
35049	0.00
35051	0.00
35053	0.00
35055	1056150871.80
35057	0.00
35059	87432706.00
35061	0.00
36001	499889764.25
36003	0.00
36005	154552399.85
36007	0.00
36009	54008399.04
36011	421112652.67
36013	150900813.66
36015	164063776.42
36017	0.00
36019	399250993.07
36021	245825248.98
36023	0.00
36025	0.00
36027	681025497.13
36029	1547128477.30
36031	1039156230.57
36033	0.00
36035	0.00
36037	0.00
36039	0.00
36041	207700866.38
36043	123244061.00
36045	783290494.84
36047	9063313181.79
36049	0.00
36051	42469931.51
36053	52146335.68
36055	345534124.88
36057	0.00
36059	47667273.62
36061	30018234367.60
36063	1640210044.47
36065	0.00
36067	125275552.52
36069	189774713.20
36071	909260194.17
36073	0.00
36075	0.00
36077	348073783.33
36079	100274009.12
36081	2446846828.86
36083	0.00
36085	203142966.45
36087	147787456.26
36089	0.00
36091	532088220.15
36093	0.00
36095	273818874.71
36097	1493998771.42
36099	445795234.17
36101	0.00
36103	256457809.67
36105	180024717.98
36107	0.00
36109	454998899.46
36111	565140036.23
36113	1601934229.98
36115	1043883228.70
36117	0.00
36119	898711019.41
36121	133194001.42
36123	130263752.88
37001	96677731.13
37003	41252599.90
37005	0.00
37007	0.00
37009	148969504.32
37011	1932765212.93
37013	0.00
37015	0.00
37017	416580059.23
37019	1482844837.71
37021	7382093917.72
37023	0.00
37025	1412639959.89
37027	0.00
37029	0.00
37031	995855287.87
37033	0.00
37035	0.00
37037	448900633.76
37039	0.00
37041	0.00
37043	203753552.95
37045	0.00
37047	7979085.08
37049	433457225.52
37051	0.00
37053	413075375.78
37055	2443341045.04
37057	515014237.42
37059	0.00
37061	0.00
37063	409755225.33
37065	0.00
37067	266007000.12
37069	0.00
37071	0.00
37073	0.00
37075	482434071.50
37077	0.00
37079	0.00
37081	694559302.91
37083	0.00
37085	0.00
37087	1939090283.07
37089	884110039.81
37091	0.00
37093	0.00
37095	84490216.14
37097	25898751.01
37099	317361380.43
37101	0.00
37103	0.00
37105	0.00
37107	0.00
37109	0.00
37111	84080651.80
37113	773179532.58
37115	0.00
37117	0.00
37119	97400019.36
37121	0.00
37123	0.00
37125	15085395.56
37127	0.00
37129	781714375.38
37131	0.00
37133	225378433.92
37135	0.00
37137	0.00
37139	0.00
37141	0.00
37143	0.00
37145	0.00
37147	0.00
37149	444697478.17
37151	0.00
37153	0.00
37155	0.00
37157	0.00
37159	117826861.31
37161	221533528.74
37163	0.00
37165	0.00
37167	0.00
37169	997378760.47
37171	0.00
37173	0.00
37175	890442498.62
37177	0.00
37179	0.00
37181	0.00
37183	0.00
37185	0.00
37187	0.00
37189	0.00
37191	0.00
37193	127783649.36
37195	0.00
37197	0.00
37199	0.00
38001	43718463.11
38003	0.00
38005	0.00
38007	44503902.58
38009	23808277.64
38011	0.00
38013	0.00
38015	105542602.79
38017	86991094.55
38019	0.00
38021	0.00
38023	0.00
38025	0.00
38027	0.00
38029	0.00
38031	0.00
38033	0.00
38035	0.00
38037	0.00
38039	0.00
38041	0.00
38043	0.00
38045	0.00
38047	0.00
38049	0.00
38051	0.00
38053	0.00
38055	0.00
38057	0.00
38059	0.00
38061	0.00
38063	0.00
38065	0.00
38067	0.00
38069	0.00
38071	0.00
38073	0.00
38075	0.00
38077	0.00
38079	0.00
38081	0.00
38083	0.00
38085	0.00
38087	0.00
38089	0.00
38091	0.00
38093	35335561.96
38095	0.00
38097	0.00
38099	0.00
38101	0.00
38103	0.00
38105	0.00
39001	69730571.75
39003	0.00
39005	220468455.13
39007	0.00
39009	23338598.79
39011	0.00
39013	0.00
39015	0.00
39017	2519914054.33
39019	0.00
39021	0.00
39023	0.00
39025	26615746.34
39027	0.00
39029	0.00
39031	0.00
39033	0.00
39035	1044549388.22
39037	0.00
39039	0.00
39041	1445303909.17
39043	128797416.85
39045	212455896.85
39047	0.00
39049	0.00
39051	0.00
39053	0.00
39055	25073842.60
39057	518741315.82
39059	287601930.54
39061	0.00
39063	0.00
39065	0.00
39067	0.00
39069	0.00
39071	0.00
39073	454691227.00
39075	85039191.85
39077	0.00
39079	0.00
39081	0.00
39083	0.00
39085	0.00
39087	0.00
39089	0.00
39091	19686035.73
39093	146610759.50
39095	191162032.83
39097	0.00
39099	0.00
39101	0.00
39103	248225790.49
39105	0.00
39107	0.00
39109	0.00
39111	0.00
39113	0.00
39115	0.00
39117	23713462.05
39119	39113704.62
39121	0.00
39123	346340692.27
39125	0.00
39127	0.00
39129	0.00
39131	0.00
39133	0.00
39135	0.00
39137	0.00
39139	0.00
39141	0.00
39143	0.00
39145	0.00
39147	0.00
39149	0.00
39151	369473100.79
39153	158818278.12
39155	0.00
39157	0.00
39159	0.00
39161	0.00
39163	0.00
39165	283520958.17
39167	83027134.32
39169	0.00
39171	0.00
39173	0.00
39175	0.00
40001	0.00
40003	0.00
40005	0.00
40007	0.00
40009	73502251.33
40011	0.00
40013	0.00
40015	0.00
40017	767449286.53
40019	0.00
40021	0.00
40023	39041251.84
40025	0.00
40027	0.00
40029	0.00
40031	0.00
40033	0.00
40035	0.00
40037	240156446.08
40039	0.00
40041	34084966.49
40043	0.00
40045	0.00
40047	0.00
40049	0.00
40051	0.00
40053	0.00
40055	0.00
40057	0.00
40059	0.00
40061	0.00
40063	0.00
40065	0.00
40067	0.00
40069	72134800.77
40071	0.00
40073	0.00
40075	0.00
40077	0.00
40079	0.00
40081	0.00
40083	132056931.32
40085	0.00
40087	0.00
40089	146692957.05
40091	0.00
40093	0.00
40095	0.00
40097	0.00
40099	0.00
40101	44860889.52
40103	8628673.31
40105	180996647.20
40107	0.00
40109	0.00
40111	0.00
40113	9914369.52
40115	0.00
40117	0.00
40119	0.00
40121	0.00
40123	0.00
40125	0.00
40127	0.00
40129	0.00
40131	85389655.96
40133	0.00
40135	0.00
40137	0.00
40139	0.00
40141	0.00
40143	173738520.36
40145	0.00
40147	0.00
40149	0.00
40151	0.00
40153	0.00
41001	49060118.95
41003	0.00
41005	1259235936.16
41007	382866909.46
41009	0.00
41011	54574491.18
41013	720682077.83
41015	144548005.17
41017	0.00
41019	0.00
41021	0.00
41023	0.00
41025	0.00
41027	191786128.74
41029	257299002.09
41031	0.00
41033	113531155.23
41035	27530000.65
41037	0.00
41039	356664715.93
41041	233420168.96
41043	0.00
41045	0.00
41047	59714584.74
41049	0.00
41051	164809512.00
41053	27465747.35
41055	0.00
41057	47276377.57
41059	40990313.79
41061	0.00
41063	98504763.36
41065	0.00
41067	22360665.50
41069	0.00
41071	265963182.59
42001	3393856002.07
42003	3419004909.66
42005	0.00
42007	0.00
42009	0.00
42011	267201304.96
42013	173536781.45
42015	0.00
42017	1379401964.12
42019	31397442.97
42021	63617513.43
42023	0.00
42025	558817065.75
42027	231755064.05
42029	665871494.75
42031	0.00
42033	0.00
42035	0.00
42037	126048589.31
42039	0.00
42041	35539547.39
42043	2106638327.98
42045	5974609483.57
42047	0.00
42049	413136550.09
42051	1012833974.50
42053	0.00
42055	0.00
42057	0.00
42059	0.00
42061	160427111.63
42063	0.00
42065	0.00
42067	0.00
42069	486584684.59
42071	4671472266.37
42073	0.00
42075	0.00
42077	60973121.94
42079	130261091.37
42081	65230081.19
42083	179532993.37
42085	0.00
42087	0.00
42089	737614408.79
42091	319588689.05
42093	0.00
42095	0.00
42097	8250768.39
42099	0.00
42101	0.00
42103	218807542.51
42105	31731852.93
42107	245037364.91
42109	0.00
42111	77229127.80
42113	0.00
42115	0.00
42117	218955475.96
42119	0.00
42121	0.00
42123	0.00
42125	0.00
42127	49820355.21
42129	0.00
42131	0.00
42133	290961540.59
44001	0.00
44003	11225443.97
44005	1082725526.55
44007	640960973.42
44009	555293434.46
45001	0.00
45003	0.00
45005	0.00
45007	960929836.96
45009	0.00
45011	0.00
45013	2077834811.40
45015	8641257211.27
45017	0.00
45019	2358385267.13
45021	101491114.36
45023	86117809.82
45025	0.00
45027	0.00
45029	46489536.59
45031	0.00
45033	0.00
45035	0.00
45037	0.00
45039	0.00
45041	0.00
45043	1518215681.51
45045	33790466.83
45047	0.00
45049	0.00
45051	5254901011.68
45053	0.00
45055	0.00
45057	165031196.54
45059	0.00
45061	0.00
45063	444513562.52
45065	0.00
45067	0.00
45069	0.00
45071	0.00
45073	592922269.21
45075	0.00
45077	71931504.23
45079	177283161.61
45081	0.00
45083	0.00
45085	0.00
45087	0.00
45089	0.00
45091	0.00
46003	0.00
46005	0.00
46007	0.00
46009	0.00
46011	0.00
46013	0.00
46015	148983410.52
46017	0.00
46019	303985836.77
46021	0.00
46023	0.00
46025	0.00
46027	0.00
46029	0.00
46031	0.00
46033	1054437339.18
46035	0.00
46037	0.00
46039	0.00
46041	0.00
46043	0.00
46045	0.00
46047	0.00
46049	0.00
46051	0.00
46053	0.00
46055	138663455.42
46057	0.00
46059	0.00
46061	0.00
46063	0.00
46065	0.00
46067	0.00
46069	0.00
46071	186563160.49
46073	0.00
46075	0.00
46077	0.00
46079	21102747.70
46081	809410690.93
46083	127954193.03
46085	0.00
46087	0.00
46089	0.00
46091	0.00
46093	813085719.83
46095	0.00
46097	0.00
46099	0.00
46101	0.00
46102	0.00
46103	339780280.77
46105	0.00
46107	0.00
46109	0.00
46111	0.00
46115	0.00
46117	0.00
46119	0.00
46121	0.00
46123	0.00
46125	0.00
46127	0.00
46129	0.00
46135	0.00
46137	0.00
47001	1473780374.30
47003	422350517.58
47005	0.00
47007	0.00
47009	440355997.16
47011	0.00
47013	0.00
47015	269792070.30
47017	0.00
47019	275657869.86
47021	77416621.37
47023	0.00
47025	0.00
47027	0.00
47029	1290372737.96
47031	40932203.97
47033	0.00
47035	164953680.36
47037	7981289246.41
47039	0.00
47041	119459723.53
47043	0.00
47045	0.00
47047	0.00
47049	0.00
47051	200753676.88
47053	0.00
47055	0.00
47057	0.00
47059	0.00
47061	0.00
47063	0.00
47065	2405882701.56
47067	0.00
47069	0.00
47071	219202652.90
47073	0.00
47075	0.00
47077	0.00
47079	0.00
47081	10992612.96
47083	0.00
47085	0.00
47087	238410283.07
47089	677938530.01
47091	0.00
47093	0.00
47095	0.00
47097	0.00
47099	0.00
47101	0.00
47103	0.00
47105	531509249.50
47107	0.00
47109	0.00
47111	0.00
47113	0.00
47115	0.00
47117	180947449.07
47119	0.00
47121	0.00
47123	57869463.39
47125	0.00
47127	0.00
47129	87196795.92
47131	0.00
47133	0.00
47135	0.00
47137	0.00
47139	1286173011.92
47141	0.00
47143	0.00
47145	0.00
47147	0.00
47149	1092794972.88
47151	0.00
47153	0.00
47155	15587384352.77
47157	1523746808.95
47159	0.00
47161	0.00
47163	0.00
47165	0.00
47167	0.00
47169	0.00
47171	351814941.54
47173	0.00
47175	220778438.11
47177	0.00
47179	0.00
47181	0.00
47183	0.00
47185	0.00
47187	0.00
47189	0.00
48001	0.00
48003	0.00
48005	0.00
48007	61475021.92
48009	0.00
48011	248565878.65
48013	1684710924.69
48015	0.00
48017	0.00
48019	98501955.71
48021	0.00
48023	0.00
48025	0.00
48027	0.00
48029	90431426.33
48031	395001583.30
48033	0.00
48035	336489024.42
48037	0.00
48039	0.00
48041	127079907.74
48043	397259304.35
48045	68550004.61
48047	0.00
48049	0.00
48051	0.00
48053	228888843.07
48055	336128154.04
48057	0.00
48059	0.00
48061	753569532.47
48063	0.00
48065	0.00
48067	0.00
48069	0.00
48071	0.00
48073	0.00
48075	0.00
48077	0.00
48079	0.00
48081	40027117.09
48083	0.00
48085	0.00
48087	1976125494.02
48089	40057600.23
48091	56275533.47
48093	0.00
48095	0.00
48097	0.00
48099	10796304.28
48101	0.00
48103	0.00
48105	0.00
48107	0.00
48109	0.00
48111	0.00
48113	242279000.68
48115	0.00
48117	223098429.85
48119	0.00
48121	708185820.98
48123	55141913.41
48125	0.00
48127	0.00
48129	0.00
48131	0.00
48133	0.00
48135	0.00
48137	0.00
48139	0.00
48141	0.00
48143	0.00
48145	810550427.32
48147	0.00
48149	0.00
48151	0.00
48153	0.00
48155	0.00
48157	956726137.45
48159	0.00
48161	0.00
48163	0.00
48165	0.00
48167	1279791659.69
48169	0.00
48171	1050800730.98
48173	0.00
48175	0.00
48177	0.00
48179	0.00
48181	5903180.24
48183	0.00
48185	0.00
48187	18250918.57
48189	0.00
48191	0.00
48193	0.00
48195	0.00
48197	0.00
48199	34498188.36
48201	0.00
48203	347684578.53
48205	0.00
48207	0.00
48209	2692484429.01
48211	0.00
48213	0.00
48215	0.00
48217	0.00
48219	40744404.74
48221	0.00
48223	0.00
48225	0.00
48227	0.00
48229	0.00
48231	0.00
48233	0.00
48235	0.00
48237	0.00
48239	0.00
48241	0.00
48243	227303713.15
48245	0.00
48247	0.00
48249	0.00
48251	16018422.78
48253	0.00
48255	0.00
48257	0.00
48259	0.00
48261	0.00
48263	0.00
48265	0.00
48267	0.00
48269	0.00
48271	0.00
48273	145997748.45
48275	0.00
48277	89447912.49
48279	0.00
48281	0.00
48283	0.00
48285	0.00
48287	0.00
48289	0.00
48291	0.00
48293	0.00
48295	0.00
48297	0.00
48299	0.00
48301	0.00
48303	0.00
48305	0.00
48307	0.00
48309	0.00
48311	0.00
48313	0.00
48315	0.00
48317	0.00
48319	0.00
48321	0.00
48323	0.00
48325	0.00
48327	0.00
48329	0.00
48331	0.00
48333	0.00
48335	0.00
48337	0.00
48339	47656040.31
48341	0.00
48343	0.00
48345	0.00
48347	0.00
48349	0.00
48351	0.00
48353	0.00
48355	417839307.33
48357	0.00
48359	0.00
48361	0.00
48363	0.00
48365	0.00
48367	0.00
48369	0.00
48371	0.00
48373	0.00
48375	0.00
48377	68652420.81
48379	0.00
48381	0.00
48383	0.00
48385	0.00
48387	0.00
48389	0.00
48391	0.00
48393	0.00
48395	0.00
48397	0.00
48399	0.00
48401	0.00
48403	0.00
48405	0.00
48407	15339915.35
48409	0.00
48411	0.00
48413	0.00
48415	0.00
48417	0.00
48419	0.00
48421	0.00
48423	0.00
48425	0.00
48427	0.00
48429	0.00
48431	0.00
48433	0.00
48435	0.00
48437	0.00
48439	318681498.43
48441	0.00
48443	0.00
48445	0.00
48447	0.00
48449	0.00
48451	0.00
48453	0.00
48455	0.00
48457	0.00
48459	0.00
48461	0.00
48463	52259316.80
48465	0.00
48467	0.00
48469	0.00
48471	0.00
48473	0.00
48475	0.00
48477	0.00
48479	0.00
48481	0.00
48483	0.00
48485	0.00
48487	0.00
48489	0.00
48491	154831605.17
48493	0.00
48495	0.00
48497	0.00
48499	0.00
48501	0.00
48503	0.00
48505	0.00
48507	0.00
49001	36929570.28
49003	0.00
49005	0.00
49007	0.00
49009	0.00
49011	222611816.00
49013	0.00
49015	238243194.55
49017	171728323.12
49019	2381701018.93
49021	192699391.95
49023	0.00
49025	760650121.43
49027	0.00
49029	139450501.97
49031	0.00
49033	0.00
49035	1086931379.59
49037	1067854736.11
49039	0.00
49041	38079454.44
49043	978094406.52
49045	102400261.00
49047	341296498.62
49049	198428294.64
49051	203648117.09
49053	1249795650.07
49055	45019844.68
49057	15171262.28
50001	0.00
50003	106706836.08
50005	0.00
50007	1087690541.24
50009	0.00
50011	0.00
50013	0.00
50015	310029537.65
50017	255917864.23
50019	30934121.91
50021	86154772.54
50023	338762554.29
50025	0.00
50027	778910629.31
51001	966129310.69
51007	113120838.83
51009	0.00
51011	419237232.72
51013	378648267.45
51017	0.00
51019	455663728.69
51021	0.00
51023	190334427.14
51025	0.00
51027	0.00
51029	0.00
51033	161408740.33
51036	2190252394.80
51037	0.00
51041	1632019034.05
51043	250935013.21
51045	0.00
51047	0.00
51049	0.00
51051	97572640.30
51057	0.00
51061	46654748.78
51063	182819717.42
51065	0.00
51067	0.00
51071	0.00
51073	0.00
51075	0.00
51077	0.00
51079	0.00
51083	734042992.54
51085	0.00
51087	0.00
51091	0.00
51093	240958836.25
51097	0.00
51099	0.00
51101	0.00
51103	0.00
51105	0.00
51107	592480023.55
51109	0.00
51111	0.00
51113	169256166.96
51115	0.00
51117	0.00
51119	0.00
51125	161964180.15
51127	0.00
51131	0.00
51133	83394933.77
51135	0.00
51137	370618290.61
51139	352179883.94
51141	0.00
51145	0.00
51147	0.00
51155	0.00
51157	125831873.90
51159	0.00
51167	0.00
51169	0.00
51171	242040901.85
51173	0.00
51179	0.00
51181	0.00
51183	0.00
51185	0.00
51187	0.00
51193	0.00
51197	0.00
51510	0.00
51550	1389428652.56
51650	0.00
51700	0.00
51710	1236105588.45
51740	0.00
51760	0.00
51770	0.00
51800	0.00
51810	0.00
51901	1650182415.30
51903	67678444.94
51907	766061740.18
51911	0.00
51913	0.00
51918	0.00
51919	0.00
51921	0.00
51923	0.00
51929	0.00
51931	0.00
51933	42620465.94
51939	0.00
51941	0.00
51942	445740481.38
51944	0.00
51945	391575764.53
51947	194350604.42
51949	0.00
51951	0.00
51953	356267513.05
51955	0.00
51958	1078242898.44
53001	0.00
53003	65810548.75
53005	70100101.80
53007	556805865.33
53009	520677933.90
53011	81642182.63
53013	0.00
53015	46239720.04
53017	0.00
53019	0.00
53021	0.00
53023	0.00
53025	0.00
53027	17680403.06
53029	116371920.34
53031	34581085.38
53033	2584680543.44
53035	95296022.79
53037	0.00
53039	234423573.45
53041	0.00
53043	0.00
53045	73371045.36
53047	0.00
53049	0.00
53051	0.00
53053	0.00
53055	860529952.74
53057	50998246.53
53059	0.00
53061	98352375.99
53063	190836235.34
53065	0.00
53067	0.00
53069	0.00
53071	40589108.88
53073	0.00
53075	0.00
53077	0.00
54001	0.00
54003	221475122.98
54005	0.00
54007	0.00
54009	0.00
54011	90600650.50
54013	0.00
54015	0.00
54017	0.00
54019	1434092342.18
54021	0.00
54023	0.00
54025	491154884.32
54027	114445051.16
54029	0.00
54031	0.00
54033	0.00
54035	0.00
54037	921431087.44
54039	122407947.27
54041	225215837.20
54043	0.00
54045	0.00
54047	0.00
54049	0.00
54051	39112758.24
54053	0.00
54055	34280352.38
54057	0.00
54059	0.00
54061	0.00
54063	0.00
54065	0.00
54067	0.00
54069	0.00
54071	148966957.61
54073	0.00
54075	180842000.48
54077	153599270.62
54079	0.00
54081	0.00
54083	515768643.63
54085	0.00
54087	0.00
54089	0.00
54091	0.00
54093	312814265.32
54095	0.00
54097	0.00
54099	0.00
54101	0.00
54103	0.00
54105	0.00
54107	96354236.65
54109	0.00
55001	2494732812.84
55003	0.00
55005	0.00
55007	328359804.79
55009	77030098.82
55011	0.00
55013	93613118.88
55015	0.00
55017	86068368.76
55019	0.00
55021	49071175.53
55023	0.00
55025	625583886.49
55027	0.00
55029	1728212363.08
55031	0.00
55033	62972169.00
55035	0.00
55037	0.00
55039	17910969.73
55041	52828918.11
55043	0.00
55045	0.00
55047	0.00
55049	106717658.13
55051	0.00
55053	31131919.70
55055	103308638.04
55057	32433418.63
55059	112457225.53
55061	0.00
55063	13198082.71
55065	0.00
55067	0.00
55069	0.00
55071	76813535.34
55073	0.00
55075	0.00
55077	0.00
55078	0.00
55079	2390716918.31
55081	9052086.87
55083	0.00
55085	6655751.86
55087	0.00
55089	0.00
55091	0.00
55093	0.00
55095	109165951.53
55097	0.00
55099	0.00
55101	0.00
55103	0.00
55105	0.00
55107	0.00
55109	0.00
55111	39443799.11
55113	71930372.40
55115	0.00
55117	12373245.52
55119	0.00
55121	0.00
55123	0.00
55125	0.00
55127	1056619228.74
55129	0.00
55131	0.00
55133	33996979.31
55135	0.00
55137	0.00
55139	0.00
55141	0.00
56001	99275822.62
56003	0.00
56005	0.00
56007	114529596.56
56009	0.00
56011	134952900.42
56013	45985018.80
56015	79024008.31
56017	14866452.38
56019	0.00
56021	232813487.28
56023	36924315.88
56025	0.00
56027	0.00
56029	1786816435.98
56031	0.00
56033	0.00
56035	32498713.12
56037	0.00
56039	2324185195.23
56041	0.00
56043	0.00
56045	0.00
