1001	21744216.613410227
1003	19428218.063114073
1005	21208534.44847778
1007	22225561.278916102
1009	24298033.205706738
1011	21576676.24035104
1013	20377461.1178173
1015	25049440.380726513
1017	23857590.8234499
1019	25808424.167422593
1021	22296287.835864194
1023	19878668.40836303
1025	19736710.90908555
1027	23931053.758804865
1029	25622859.367075875
1031	20278984.391138393
1033	23122195.110194687
1035	19845946.950165927
1037	22826617.730228715
1039	19875264.723729603
1041	20593196.821358852
1043	24060381.70353811
1045	20526570.077858794
1047	20902271.90371076
1049	25471156.174084365
1051	22325822.51805765
1053	19611003.90897007
1055	24937899.98655211
1057	22310557.482866723
1059	22781391.432809047
1061	19890604.960347906
1063	20954432.75517796
1065	21122479.630578395
1067	20674791.801456228
1069	20299430.285753805
1071	25391257.29977042
1073	24618293.467751436
1075	21881495.07186228
1077	23471722.53683735
1079	23575746.462658137
1081	23223059.910686888
1083	24627221.586740006
1085	21079531.875017952
1087	22214411.36304388
1089	25672894.602083694
1091	20310296.941326015
1093	22432005.28122927
1095	24939622.023198392
1097	19478873.112135265
1099	19822225.136441216
1101	21889389.29821927
1103	24522254.686952207
1105	21227693.796014994
1107	21398705.908395134
1109	20935996.003936227
1111	24790277.342695553
1113	22408966.367089126
1115	24337288.574896052
1117	23907906.75693196
1119	20464737.51493607
1121	23928717.313992534
1123	23110179.638418484
1125	22331878.501866013
1127	23298538.703134675
1129	19466771.915009383
1131	20281294.786264613
1133	23174736.06860917
2013	4180933.986264926
2016	11022605.983042898
2020	5598483.542175748
2050	4292173.180509676
2060	4481859.647348794
2063	5160510.754879635
2066	5170124.670971682
2068	4800319.428568366
2070	4395870.504767892
2090	4949143.977146615
2100	5889617.867632177
2105	5970138.817241354
2110	6084239.759819679
2122	4850220.834969285
2130	6721645.978288521
2150	4678192.525251127
2158	4129955.8436245667
2164	4502120.794042264
2170	4963327.255132043
2180	4091484.10842189
2185	4405570.878501759
2188	4230879.2951538395
2195	6300654.437236959
2198	6445625.384690041
2220	6084535.848542874
2230	5849144.506091444
2240	5087720.836723333
2275	6487050.155335414
2282	5465319.450536544
2290	4628287.356851847
4001	14435875.876799496
4003	13533024.399782756
4005	15089343.490154216
4007	15201430.228712047
4009	14199028.997398796
4011	14039178.130263215
4012	17254431.836182415
4013	17491172.456064843
4015	16567158.800142178
4017	14632770.444677852
4019	15103377.186600525
4021	15935803.007371413
4023	13782712.328969698
4025	16397291.567408541
4027	16467628.74526694
5001	20492063.63513469
5003	19745051.79158399
5005	20819813.59603661
5007	21160775.994197104
5009	20683316.67585629
5011	19844639.154027402
5013	19887515.95001825
5015	20677131.048246145
5017	19845195.866880883
5019	20066629.663120646
5021	21941829.805752374
5023	20846000.25088396
5025	20083541.318603057
5027	19920322.178605422
5029	20714187.604373787
5031	21927195.377343383
5033	20525324.250451613
5035	22753313.771127723
5037	21574765.036004018
5039	20080424.442295097
5041	20181203.36374293
5043	19937765.222597983
5045	21101053.21815183
5047	20420373.861549087
5049	20992270.34007757
5051	20402786.978235736
5053	20478822.921525314
5055	21894758.44294496
5057	20032778.71834785
5059	20318673.125005983
5061	20077798.177043688
5063	21048562.86939147
5065	20891977.525163773
5067	21227016.669215437
5069	20509453.435179193
5071	20421139.10298303
5073	20062100.118396074
5075	21371244.543197703
5077	21177103.405938637
5079	20189984.44507368
5081	20241206.64271172
5083	20296790.825494
5085	21042799.31627015
5087	20629555.480146203
5089	20710404.522421174
5091	20193025.883410994
5093	22463930.62153032
5095	20799264.002539366
5097	20111871.23576914
5099	19954997.792234316
5101	20499869.047877036
5103	19907742.291099906
5105	20582640.15157566
5107	20791064.78605616
5109	20047570.30507743
5111	21821290.587875832
5113	20073544.053811733
5115	20539420.80522765
5117	20841888.06520674
5119	21697748.03035849
5121	21458356.809082903
5123	21449373.051984057
5125	20930061.101746865
5127	20166740.27354609
5129	20592428.378510043
5131	20486774.54451049
5133	20141028.940910485
5135	21122012.869722366
5137	20762408.13966866
5139	19807470.505821086
5141	20661407.835535422
5143	20977134.993875694
5145	20955400.318988934
5147	21062608.91162738
5149	20296195.981276963
6001	37678419.94165396
6003	18432730.97222014
6005	21562763.794554908
6007	17279223.223464154
6009	21661086.569226705
6011	18931993.30265014
6013	34076883.93289589
6015	12497418.349044682
6017	20119009.901584473
6019	19954963.24478206
6021	16892612.94361227
6023	13266454.202687457
6025	18466210.286295947
6027	18168374.516168572
6029	22061012.241862375
6031	20158771.50456537
6033	18454959.08469191
6035	14963104.896854779
6037	30859768.176810823
6039	20298894.42361642
6041	29462536.55576798
6043	20155302.886079095
6045	15829641.521313068
6047	23723642.862644196
6049	13785688.75361859
6051	17635241.795603223
6053	20928156.89320644
6055	24253995.29984474
6057	18899646.46831463
6059	35041808.56237076
6061	19609288.11988223
6063	16171444.410390347
6065	21157435.32438431
6067	25627380.723014317
6069	22905564.59338007
6071	20102928.51182689
6073	22853716.519279525
6075	42221771.3978872
6077	27603867.427200217
6079	19251300.561163697
6081	36163370.39925173
6083	20056114.539913554
6085	35399119.37066494
6087	32826803.387110885
6089	14480225.963112874
6091	17241120.161171213
6093	13341634.844106011
6095	28090487.27661099
6097	21657671.103319887
6099	26445641.970181145
6101	20466522.33309074
6103	15546399.829017516
6105	13974976.346318493
6107	19758088.590535752
6109	19655122.73540793
6111	26166414.809448306
6113	23298308.579154313
6115	19089299.51453648
8001	20863017.695043728
8003	15226187.990355182
8005	21376191.784295816
8007	14769011.394346308
8009	15699967.318102952
8011	15813477.875583144
8013	19570704.272460543
8014	23376035.87127383
8015	15847620.324105678
8017	16036304.279235557
8019	18449997.61833
8021	14953418.679651374
8023	15167695.87669067
8025	16258192.015683932
8027	15818335.351482952
8029	14921053.497915013
8031	28295624.280536838
8033	14587502.372439815
8035	20089007.15433065
8037	15817268.054734297
8039	18492019.26046547
8041	17877725.985528935
8043	16246908.785177855
8045	14890850.81272862
8047	19229196.739701092
8049	16570453.220531935
8051	15187350.97647541
8053	14823316.697343197
8055	15558704.153170543
8057	15605096.813292945
8059	20802591.282510735
8061	15956116.469823975
8063	16109381.15218168
8065	16081723.141126206
8067	14681107.78591214
8069	16827717.32649132
8071	15456373.866360715
8073	16692177.341310475
8075	15878035.619982738
8077	14746681.201663854
8079	14888040.844849085
8081	14464061.76741632
8083	14545112.7236292
8085	14721535.033881627
8087	17237599.132047806
8089	15850684.591199905
8091	14786530.348733328
8093	16995352.42660592
8095	15712537.570311237
8097	15530667.774463214
8099	15843727.205881856
8101	16295608.888264837
8103	14684305.864894116
8105	15029814.017495526
8107	15132100.318659479
8109	15285169.060249276
8111	14737876.540246794
8113	14633318.642750906
8115	15569702.973354824
8117	16795021.320524476
8119	17517083.077572
8121	16506764.630607037
8123	17215417.4455241
8125	15954060.593995923
9001	54258620.32938702
9003	41742808.14922815
9005	41051633.07438999
9007	40652310.739678666
9009	45770564.74877913
9011	36702510.36501502
9013	37954005.737548724
9015	36331683.31127704
10001	37478665.36568911
10003	44838568.52213485
10005	33584546.87305797
11001	77657071.03356925
12001	20564861.22118001
12003	20565296.36748218
12005	18731129.708800886
12007	20748939.578148477
12009	20751852.008658644
12011	23512629.490563907
12013	19093074.477076054
12015	19505785.475758888
12017	20265822.08344054
12019	21332194.00277059
12021	18504191.67410692
12023	20111608.985759012
12027	19737525.149405196
12029	19085992.50711151
12031	22971628.393433306
12033	19506714.218270537
12035	20511304.994939335
12037	18272737.120198537
12039	19712847.28005792
12041	19732926.757146064
12043	19360166.55274713
12045	18338180.219818678
12047	19944563.204654228
12049	20552171.893121578
12051	19479324.668821145
12053	21104359.888878126
12055	19692211.668304317
12057	24055942.557279084
12059	19593161.735828746
12061	19595311.42129923
12063	19641020.76363569
12065	19644088.848293472
12067	19413349.095613454
12069	22362413.243664313
12071	19012936.850127365
12073	20056834.81466157
12075	19537887.3200514
12077	18960396.027126905
12079	19678611.769284107
12081	21669148.445378054
12083	20721797.58165575
12085	19984803.131111644
12086	21334154.26743007
12087	15533737.543249808
12089	21622813.5952447
12091	19511486.918840002
12093	19577352.678237654
12095	25354858.320344225
12097	21563786.740386393
12099	21344162.149469703
12101	22096810.114512514
12103	22874658.036449417
12105	21833866.541481957
12107	20686329.004372034
12109	20992909.596826896
12111	19515744.042164005
12113	19605402.757487662
12115	20233935.03542579
12117	25547124.858323682
12119	21446886.037757907
12121	19736947.577157736
12123	19096048.6393818
12125	20428777.496103503
12127	21402921.30713429
12129	19064129.11748447
12131	19279703.883030646
12133	19290241.848839737
13001	21041732.87460255
13003	20571613.747907452
13005	20823819.589791443
13007	20574919.402482584
13009	24269947.27703259
13011	27562557.950753298
13013	29922049.64573238
13015	29537445.120610006
13017	21210651.024871603
13019	20583331.590624265
13021	24651495.493379995
13023	22667926.540081304
13025	20537246.583559602
13027	20159707.91097742
13029	21527433.76447813
13031	21811432.432660647
13033	23188006.68487884
13035	27322703.49306868
13037	20819237.151370335
13039	20631031.826270133
13043	21855185.395454776
13045	27854354.250015624
13047	27098654.38310102
13049	20549202.38140531
13051	21800758.54789468
13053	23013822.564695273
13055	26482113.442384094
13057	31386823.31435282
13059	28022290.954188883
13061	20876959.792517416
13063	35191446.67769454
13065	20264820.115430143
13067	40273243.45275296
13069	20868393.728032347
13071	20523598.352146763
13073	24612924.08886982
13075	20491435.57599157
13077	28292650.53376448
13079	24045765.861648995
13081	21649879.48354351
13083	26082879.83112594
13085	29069746.311682083
13087	19972346.318416577
13089	39579997.505625345
13091	21899974.26939815
13093	22188687.115574736
13095	21166591.732995227
13097	33368912.544762317
13099	20444462.350594565
13101	20101808.736045167
13103	21757786.82884983
13105	25767392.118391663
13107	22218366.42258785
13109	21504939.86337029
13111	27000562.75544854
13113	30949903.59786511
13115	27274058.273219116
13117	31675596.62467015
13119	26758582.008492574
13121	42221280.82646087
13123	27552353.239452917
13125	23771260.15988042
13127	20544946.867890686
13129	27850508.20982453
13131	20117146.71145086
13133	25517831.40656017
13135	34422611.21131209
13137	27056013.354900733
13139	29329897.20771098
13141	24295326.892835982
13143	27476592.090726506
13145	24064352.483654898
13147	26299725.289011795
13149	26005817.106866017
13151	30770260.766937133
13153	23321636.589132268
13155	20993574.203629203
13157	28493389.597748186
13159	26323882.807133455
13161	21138396.44053313
13163	23280954.817236565
13165	22471613.28539401
13167	22627004.46068299
13169	24745336.810978446
13171	26033988.06582832
13173	20365858.700285695
13175	22357734.124158807
13177	21424274.027868383
13179	21221998.5059135
13181	24769327.779148243
13183	21003034.62509718
13185	20313415.562286977
13187	27987847.778129436
13189	24360591.955319293
13191	20585873.201583605
13193	22770541.461465977
13195	26744310.096142773
13197	22774858.359651636
13199	25638491.534417212
13201	20251099.498861562
13205	20507416.238987923
13207	25349192.50765844
13209	21629886.277866147
13211	26834673.998588298
13213	27274521.697305426
13215	23967559.84835008
13217	29157180.921027835
13219	27703967.583194032
13221	25992735.90977842
13223	31761851.537129004
13225	23675915.435497303
13227	28882855.933115773
13229	20628033.185318857
13231	26312758.741022803
13233	27741156.75784967
13235	22269064.29799481
13237	25291743.469011012
13239	21319471.8322264
13241	26566109.20931823
13243	21180997.379320063
13245	24547717.71660896
13247	32680671.37786742
13249	22459252.014180347
13251	22210569.157184947
13253	19932707.277217675
13255	28201333.351563957
13257	26816630.433080584
13259	21904188.130267017
13261	21910430.92461661
13263	23962369.079717748
13265	24797884.03570171
13267	21354114.577943433
13269	23387768.715798598
13271	21365905.356377352
13273	21328074.862337347
13275	20173679.184705514
13277	20922047.349459488
13279	21520869.16652871
13281	26673764.22276159
13283	22011431.86337881
13285	25069669.01666948
13287	21221738.762204323
13289	23445938.788624164
13291	26970567.79868066
13293	24835073.56948542
13295	26503448.301593557
13297	29545678.348223716
13299	20417762.992158636
13301	24225308.08789116
13303	23320739.92861413
13305	20780884.045310043
13307	21863521.000350475
13309	21590315.055606544
13311	27332406.506281294
13313	27304389.784699682
13315	21613283.85182042
13317	25018569.969015438
13319	23383356.49177881
13321	21002240.706336446
15001	3731392.6132770423
15003	4291770.586951857
15007	3647416.447006488
15901	3785175.31589585
16001	14087328.751032624
16003	12501116.735945147
16005	13629311.879271915
16007	13864154.457318641
16009	12207402.182899117
16011	13259761.430737942
16013	13036383.295140063
16015	12998223.173578897
16017	11542179.676768674
16019	13283673.732901126
16021	11118894.781326154
16023	12901026.63434841
16025	13052227.68266682
16027	13738889.565619778
16029	13543119.331815902
16031	13617572.747425899
16033	12653371.847548245
16035	11911594.760431033
16037	12621115.28111643
16039	13297504.743274182
16041	14026172.415275568
16043	12744808.927041309
16045	13087849.943063166
16047	13286862.353613215
16049	12088106.46073957
16051	12935738.887618653
16053	13428408.954269243
16055	12261883.931766244
16057	12220108.641298795
16059	12314167.742338512
16061	12215982.210968936
16063	13255716.431512924
16065	13084874.643625207
16067	13340969.427543944
16069	12300951.111040326
16071	13893529.383572834
16073	13366526.728272103
16075	13133966.228199407
16077	13494821.827016946
16079	11805617.532472624
16081	13065481.950758183
16083	13510854.926351378
16085	12475418.439472543
16087	12733223.828086333
17001	22842032.962277126
17003	23189895.53255025
17005	24830493.18259606
17007	29624029.30188166
17009	23334650.224841278
17011	26098993.85647172
17013	24483733.05793787
17015	25099677.275852423
17017	23996080.93102816
17019	26932924.722500537
17021	25017039.311454184
17023	26059323.1328129
17025	24835093.1800613
17027	24748249.863964457
17029	25870343.55182164
17031	43964913.482698046
17033	25738039.948542394
17035	25527436.352850974
17037	30876427.555457573
17039	26069707.21579212
17041	26207198.646452352
17043	44966997.85184233
17045	26546371.031044308
17047	25016721.172518797
17049	25056940.17801433
17051	24743927.285749327
17053	27640693.701393835
17055	24121183.284361184
17057	24160047.341577772
17059	24399042.035324443
17061	24267601.680011306
17063	30747370.75605558
17065	24343942.467254743
17067	22788899.32628906
17069	24168106.10861572
17071	23228977.93024708
17073	24797651.96268817
17075	28645500.40143933
17077	23773811.41267907
17079	25309752.79077399
17081	24353974.22973548
17083	25278576.073554683
17085	24249463.361529734
17087	23694948.35419692
17089	35645845.6151715
17091	31505537.297934987
17093	33293358.950588778
17095	24455117.314787485
17097	36971002.88013711
17099	28438482.839441743
17101	25548351.183928665
17103	27213299.499098085
17105	27951746.61705064
17107	25309365.462345745
17109	23431696.90354159
17111	31987990.224524528
17113	26643403.355352797
17115	25710216.029572893
17117	24723228.538885575
17119	25852361.758808732
17121	24587958.067034
17123	26268510.86705867
17125	24520947.32229658
17127	23806519.99904631
17129	24688202.96463955
17131	23773693.380791277
17133	25375744.44419772
17135	24770084.97202017
17137	24143856.12020431
17139	25611279.04025023
17141	27293169.218079746
17143	25577204.53233025
17145	24096464.54792337
17147	26183386.43444526
17149	23294489.35323705
17151	23874869.72255547
17153	23353514.90839737
17155	26634684.903184716
17157	24136504.420534607
17159	25137303.636827912
17161	24742318.36397143
17163	25828328.031757332
17165	24134323.593424074
17167	24961493.983029228
17169	23463595.4573236
17171	23811085.271383137
17173	25137556.539372403
17175	25343027.68899192
17177	25815017.70714819
17179	25596285.0353261
17181	23475640.38797318
17183	27371850.36850518
17185	25307995.116264082
17187	23683639.70004834
17189	24468665.0906581
17191	24639944.25198098
17193	24727387.282900702
17195	25261538.06663261
17197	35640452.31150417
17199	23962207.847400114
17201	28167882.640420917
17203	26316945.74183862
18001	29352482.887167994
18003	29862311.15914856
18005	29288252.089037806
18007	28612903.822728798
18009	29369366.107906744
18011	30438588.268967293
18013	28769137.09770615
18015	29197082.19552257
18017	29272963.375053495
18019	29083789.121347465
18021	27254511.965800922
18023	29603160.064068224
18025	26776838.812991567
18027	26364564.221847404
18029	30851042.888765547
18031	29503500.484643083
18033	29307652.35155119
18035	29786806.22190302
18037	26333429.224636525
18039	30437599.171686158
18041	29966168.816931218
18043	29090701.38054675
18045	27912658.194761846
18047	30332286.24804178
18049	29469616.029529735
18051	25722696.967397794
18053	29478758.491528742
18055	26895743.57642185
18057	32167533.57419474
18059	31519073.379972003
18061	27683626.962192733
18063	30815401.70757168
18065	29970830.235340957
18067	29738915.250369534
18069	29311500.912846293
18071	28236258.3698197
18073	30151072.82519973
18075	29324687.938906275
18077	28805039.20868006
18079	28815859.39796672
18081	30929615.33512098
18083	25923254.697735216
18085	29720485.770834044
18087	29308512.28406888
18089	35805309.767107524
18091	31786759.8603789
18093	27414630.71810788
18095	30428721.686499823
18097	35575288.0052697
18099	30072666.976318046
18101	26735267.186075687
18103	29293437.488408193
18105	28253195.837685738
18107	28661787.055653106
18109	29586149.086327825
18111	29956054.297641493
18113	29424441.682342812
18115	30318746.21946277
18117	26953083.054981116
18119	27687056.846106447
18121	27537886.352932878
18123	26287911.451892868
18125	25979184.86893587
18127	33815029.553629115
18129	25371168.419114612
18131	29746970.685872197
18133	28427382.240118302
18135	29574087.587165434
18137	29532900.195462696
18139	29932456.08276226
18141	30931759.40371573
18143	28488635.17345383
18145	30418921.61876083
18147	25942175.74746746
18149	30455420.96685252
18151	29004811.373262998
18153	26281298.74158027
18155	29520834.467465587
18157	29079299.651706856
18159	30248481.390719377
18161	30462029.68754365
18163	26257326.600611042
18165	27204747.877186477
18167	26923879.39719756
18169	29275582.14927766
18171	28064205.987174444
18173	25942556.96473274
18175	27753799.34217354
18177	29986704.72710737
18179	29320196.05356643
18181	29181825.3169935
18183	29482562.189034842
19001	20170796.757919673
19003	19963023.184762932
19005	21560606.558347262
19007	21154705.629410047
19009	19706919.385384887
19011	22091515.367750157
19013	21751655.875816263
19015	20822758.272054154
19017	21287088.38820489
19019	22015906.541612808
19021	18877387.13285951
19023	20836894.770843945
19025	19475035.726425294
19027	19548208.799302433
19029	19832739.087636262
19031	23341992.951302897
19033	20313718.350208044
19035	18553930.10485601
19037	20993718.449942566
19039	20696527.680642083
19041	18695851.359540675
19043	22034888.436883647
19045	24174081.103590433
19047	19172537.789839327
19049	21253465.647223122
19051	21510114.92498916
19053	20539585.823317476
19055	22509730.279499162
19057	22996243.439399574
19059	18577327.537346657
19061	23247764.21592875
19063	18942058.597113274
19065	21524173.354520883
19067	20642379.154272888
19069	20436869.192662776
19071	19717685.887562804
19073	20034531.581468184
19075	21118870.372928094
19077	20131431.89470856
19079	20435850.195984945
19081	19864251.18109964
19083	20802608.954710606
19085	19533794.12100141
19087	22520178.76334709
19089	20849473.2051632
19091	19589185.600762058
19093	18851540.038947746
19095	22118151.985673536
19097	23784435.41364275
19099	21702146.43940409
19101	22038799.3715608
19103	23003770.290165924
19105	23151040.346434906
19107	21871275.111230586
19109	19387312.71261483
19111	22499627.37161724
19113	23063345.318144705
19115	23001453.475452583
19117	21013266.39108111
19119	17915787.609717004
19121	20795617.74415847
19123	21533888.021964107
19125	21474283.4309249
19127	21388302.01743817
19129	19999803.72751739
19131	20556443.33680579
19133	18863065.49959793
19135	21275381.25698263
19137	19814310.28847085
19139	23417044.043270785
19141	18360298.550348807
19143	18205610.76339896
19145	19794030.793073207
19147	19036910.82847623
19149	18204479.734091833
19151	19208981.66711881
19153	23143570.403115414
19155	19974018.70951723
19157	21638436.735431876
19159	20239083.73139535
19161	19100548.78918549
19163	24663471.47492566
19165	19530765.30747195
19167	18067672.882662863
19169	21547809.14813442
19171	21524472.514998127
19173	19975569.640039682
19175	20312335.739698056
19177	21940778.471314162
19179	21637828.496208664
19181	21462639.77737478
19183	22455903.55197044
19185	20839924.828647543
19187	19918814.684500866
19189	19797335.839178964
19191	21187585.450492118
19193	18602982.280541122
19195	20209714.35715282
19197	20038078.54751845
20001	19991483.939378325
20003	20247395.323338322
20005	20563712.982648186
20007	17597917.970039148
20009	17316121.12980546
20011	20303268.605476465
20013	19839428.251808424
20015	19120542.865342434
20017	19020100.985847667
20019	19414857.92688087
20021	20243109.148916174
20023	15897585.957704168
20025	16819195.51543616
20027	18362443.8108445
20029	17879427.457683735
20031	19790013.536718365
20033	17155476.70234725
20035	19125345.93345881
20037	20236304.416418042
20039	16141027.135603717
20041	18508635.800540928
20043	20400048.38873329
20045	21612476.59109134
20047	17031770.352725323
20049	19315361.847580776
20051	16864934.029161453
20053	17668776.96213456
20055	16334293.464887973
20057	16771159.890708022
20059	20879248.88018563
20061	18977282.210845698
20063	16266959.177912688
20065	16446704.733059911
20067	16125023.875150673
20069	16486816.037731916
20071	15966718.0030204
20073	19273870.068691477
20075	15954811.512471743
20077	18189655.3626334
20079	18909714.820860475
20081	16306284.003829766
20083	16670428.94224988
20085	19920026.301594395
20087	20940682.401990764
20089	17371678.0805192
20091	24562272.129679456
20093	16096996.365932452
20095	18161283.124452434
20097	17097887.084801152
20099	19955423.21731503
20101	16346012.071063798
20103	22262361.591421578
20105	17542631.98099666
20107	20682488.54022654
20109	16070331.988057373
20111	19445300.110015623
20113	18321743.715116028
20115	18688249.168413233
20117	18875620.00999802
20119	16540985.756556518
20121	21855044.38364641
20123	17455249.72175331
20125	19734590.234806236
20127	18963771.492024366
20129	15937787.096349195
20131	19377040.223502163
20133	19911544.413804017
20135	16581115.797926806
20137	16367401.676387634
20139	20135042.343586557
20141	17068174.64420733
20143	17979603.732915618
20145	17026064.661304303
20147	16650786.782115342
20149	19228651.845713474
20151	17500632.381652467
20153	15969541.000183795
20155	18150826.709773693
20157	17821841.451647133
20159	17820016.591752533
20161	18895280.331873864
20163	16739227.651234228
20165	16920753.445266727
20167	17183632.492718477
20169	18165874.473421056
20171	16195988.834160443
20173	19498959.935186252
20175	16357490.261762612
20177	20541269.17507034
20179	16216606.782399168
20181	15959088.45406515
20183	16981141.243631497
20185	17440570.762045052
20187	15945386.58813849
20189	16143099.811230049
20191	18849503.10854709
20193	16049089.124182072
20195	16532672.125359613
20197	19505505.10030781
20199	15973938.363135615
20201	18329969.237557996
20203	16060906.749703031
20205	19608367.696754523
20207	19624196.536452778
20209	24450321.53098313
21001	25929172.618181564
21003	26011550.18338792
21005	27823456.130896267
21007	23391591.735437565
21009	25857642.997830223
21011	27220104.325800616
21013	26030377.175163347
21015	32247781.94322589
21017	28061770.406863227
21019	27441145.093707785
21021	26900758.01160964
21023	28846135.293852426
21025	26233512.257304475
21027	26179745.92416628
21029	28750536.509944323
21031	25610183.539933085
21033	24425188.18354493
21035	23849079.48346167
21037	31953784.517309718
21039	23268678.84989311
21041	29071219.111441206
21043	27146632.46531954
21045	26240386.967619367
21047	25027897.452895787
21049	27641783.437232934
21051	26053197.653784677
21053	25726210.292385247
21055	24235651.339194782
21057	25712274.51283227
21059	25707599.924989697
21061	25885935.571878433
21063	26846334.50144677
21065	26708066.139672764
21067	29027476.76933151
21069	27535964.476371303
21071	26330628.756577283
21073	28460788.098979663
21075	22910111.535494007
21077	29672003.972656406
21079	26933581.177464597
21081	29288456.77141426
21083	23501732.882455043
21085	25925532.56574989
21087	26062412.230120618
21089	27514038.05217507
21091	25958037.567749865
21093	26808249.187900387
21095	26023442.331118234
21097	28417863.905101232
21099	26031580.87685587
21101	25419038.624602634
21103	28617282.161379077
21105	23140911.512870487
21107	24871978.09704118
21109	26310342.046805914
21111	31111350.242184542
21113	27956256.38438849
21115	26529942.63155032
21117	32548819.666372415
21119	26160997.561165683
21121	26011382.733067896
21123	26547363.279071517
21125	26133899.9895259
21127	26788765.972646207
21129	26398493.7668705
21131	26022066.134724196
21133	26114326.586228732
21135	27579939.678790994
21137	26495810.418951225
21139	23963968.04338844
21141	25697751.827205822
21143	24151716.237617128
21145	23866556.59955092
21147	25865414.25249503
21149	25269011.196059067
21151	27115292.116063077
21153	26378205.36953143
21155	26654327.996124174
21157	23926839.141875885
21159	26508868.01571875
21161	28189850.074741296
21163	26892483.949151367
21165	26792432.086726367
21167	27350082.197987497
21169	25810981.544563092
21171	25754189.6690267
21173	27301197.08697528
21175	26622873.101830937
21177	25223402.347508345
21179	27458856.493226547
21181	27819174.49943638
21183	25538080.596524198
21185	29253409.74827401
21187	28741982.69963514
21189	26206108.306703128
21191	29364755.590087175
21193	26107703.0784025
21195	26330990.458805397
21197	26819005.034239676
21199	26071080.909827154
21201	28242017.4055347
21203	26332871.825778376
21205	27080803.155281868
21207	25882966.842367496
21209	28578647.609507825
21211	28491826.198939756
21213	26191075.096325923
21215	28315921.719216235
21217	26290442.689018212
21219	25415544.91739306
21221	24371062.774409026
21223	28813503.494756237
21225	24663186.629206277
21227	26018319.707088687
21229	27138545.190635253
21231	25795994.423810657
21233	24834989.84414798
21235	25983069.076136593
21237	26476429.21655397
21239	28200128.37770751
22001	18847543.171087764
22003	19032041.58208354
22005	19809330.924513545
22007	18623460.33114495
22009	19038361.79530125
22011	19408071.45870078
22013	19711423.65146467
22015	20449066.078225676
22017	20686487.42600907
22019	19466308.68047088
22021	19369879.233458012
22023	18652942.83305262
22025	19141507.693455297
22027	19823597.14096275
22029	19098320.31651503
22031	20062427.94851977
22033	20804260.772422045
22035	19626734.892615013
22037	19585753.256878287
22039	18978754.86795565
22041	19344266.470854666
22043	19260437.044644997
22045	18114196.43286125
22047	19307221.267831285
22049	19563518.721645683
22051	19363724.80704899
22053	18821234.28634682
22055	19555700.015206255
22057	18270388.289741665
22059	19181078.157226633
22061	19744590.271163594
22063	19741845.83922507
22065	19501950.192981035
22067	19632323.683060765
22069	19477948.84297575
22071	20384329.199510336
22073	19756169.273110323
22075	17425136.278436515
22077	19213826.298258934
22079	19191482.547134638
22081	19786507.21852629
22083	19524483.69176291
22085	19678220.904725634
22087	18253539.46698563
22089	19505753.799178142
22091	19411639.784020264
22093	19236966.27173137
22095	19444808.420380056
22097	19022039.465391446
22099	18800029.05946604
22101	17921679.14031517
22103	19586243.816529
22105	19437621.699960776
22107	19297224.78471028
22109	17526432.088352147
22111	19708054.606560823
22113	18128930.795869373
22115	19351900.02648579
22117	19242414.91896515
22119	20097107.458721913
22121	20113599.895465177
22123	19615947.628451448
22125	19296435.01456598
22127	19379794.954415884
23001	20531713.20760696
23003	13704482.670873515
23005	22279790.693576276
23007	17973081.92568304
23009	16083558.811333993
23011	18806241.186789382
23013	17980488.910961766
23015	19234219.70829155
23017	19740885.600894697
23019	15345889.930262735
23021	15240358.935866581
23023	20406591.423875004
23025	16328305.340539437
23027	17388608.994381025
23029	14657699.080458073
23031	24580853.003411874
24001	31657348.004716348
24003	45587233.95725776
24005	43252942.735288166
24009	38039932.72036578
24011	36511305.13932417
24013	42124906.18565158
24015	42789960.76506797
24017	39757543.48572291
24019	34035056.73693028
24021	40605162.82105356
24023	30243590.69625191
24025	43365028.32414427
24027	48855150.7402795
24029	40538764.06031011
24031	51199399.32289401
24033	52398949.683004715
24035	39155286.67750426
24037	34424528.21040359
24039	30870933.277062032
24041	37513061.89042384
24043	36239811.53704351
24045	32319107.007254478
24047	30213355.23097286
24510	42906337.68866384
25001	26495553.014707886
25003	34227665.31068403
25005	33647216.37456569
25007	27624580.993314765
25009	35065012.62392049
25011	32546796.837329213
25013	37387937.873403825
25015	35098293.14559142
25017	42646431.9834356
25019	24287660.099705294
25021	41605768.561241254
25023	32521465.91302563
25025	54551550.68058632
25027	36394331.124924324
26001	20947104.244451143
26003	16734698.577907627
26005	28615226.85033843
26007	20141021.633640844
26009	20519521.204771638
26011	23020537.86226029
26013	17036945.14943952
26015	28141044.338070415
26017	24491143.410256613
26019	21426599.1848588
26021	31513405.38979698
26023	28841659.006138515
26025	28772947.590142727
26027	29643892.95933377
26029	19394891.240521606
26031	19387936.941303678
26033	17754185.769823156
26035	23364991.98440562
26037	27437494.068201605
26039	21231677.08035125
26041	18745480.517014842
26043	18307592.26223013
26045	28400505.060260102
26047	19235148.956178945
26049	28981618.06695657
26051	23350586.000286076
26053	17170153.427744392
26055	21434498.53853833
26057	26047305.605270434
26059	28981665.52817914
26061	16557197.933203585
26063	23103241.68679165
26065	29488429.33000739
26067	27405296.043171808
26069	21858244.012222413
26071	17821469.959625375
26073	24692602.845891543
26075	29428660.8014656
26077	29154176.250985082
26079	21332863.20815529
26081	28173334.159669496
26083	15563138.546576833
26085	23317341.938249316
26087	28070823.402710494
26089	20137484.91371874
26091	29817128.04408035
26093	30804637.104351915
26095	17114731.508324042
26097	18367283.461340673
26099	32024097.880611736
26101	22272194.416320153
26103	17166055.704505336
26105	23401546.175068367
26107	24632447.742646042
26109	19300003.365193598
26111	24896761.14018429
26113	22247893.500791777
26115	31400449.166415587
26117	26050060.3781447
26119	20298286.874485467
26121	26383666.478998553
26123	24989744.64796305
26125	34158477.29603656
26127	24752606.834177677
26129	22127955.21330164
26131	16398368.719410494
26133	23334650.376650617
26135	21141515.80611677
26137	20418789.003856465
26139	27769953.340425342
26141	19290235.123910684
26143	22200985.59551152
26145	26369786.151222214
26147	27940502.405678123
26149	29163012.544399153
26151	24770493.622201227
26153	18260832.965953805
26155	28106255.975377087
26157	25292236.68118486
26159	29419649.022820465
26161	31712942.32236041
26163	35142546.563102506
26165	22311036.537881393
27001	16646943.630899182
27003	24409588.500212707
27005	15185279.054994067
27007	14283263.206959073
27009	18948648.98843069
27011	16131709.73781776
27013	19845795.61326702
27015	18891449.96117846
27017	16869004.580438986
27019	23722122.98240115
27021	15734550.688496605
27023	17328035.7255747
27025	20663732.024565157
27027	14969832.109877938
27029	14577871.20362173
27031	15354076.934570989
27033	18305606.253878642
27035	16678903.12214516
27037	24092605.652947426
27039	20956497.258711245
27041	16547846.631707156
27043	19652079.175466802
27045	20949008.3485835
27047	20224282.63545885
27049	21613915.794058256
27051	16020009.735622793
27053	28938715.670030884
27055	21241811.56802214
27057	15283606.421556901
27059	20607689.9561813
27061	15201683.88695805
27063	18433689.40069225
27065	18443655.64112475
27067	18105797.958310578
27069	13080928.695987228
27071	14255453.865382006
27073	16681499.435904266
27075	15551724.535315275
27077	13487342.55705058
27079	21058996.99854024
27081	17079318.260286517
27083	17469862.275115173
27085	20338201.75534514
27087	14708586.607254045
27089	13569204.241439218
27091	19029061.97272256
27093	19232197.109007306
27095	18330424.997845806
27097	17556656.147716966
27099	20681568.22167344
27101	17750986.42123758
27103	19853994.765733488
27105	17971482.60876204
27107	14520213.058433915
27109	21268523.544172246
27111	15743293.393365387
27113	13999382.002920354
27115	17887381.964950565
27117	17424787.323283397
27119	14113681.7772973
27121	16945638.592844345
27123	29082267.46022053
27125	14161941.479465201
27127	18092863.13449354
27129	18437921.494868323
27131	21721311.39033511
27133	17748303.441602454
27135	13318335.17858424
27137	15366362.001556356
27139	23656663.28032743
27141	20881164.326278232
27143	20174699.967649464
27145	18311191.598856963
27147	20773261.560989406
27149	16361974.61784855
27151	16964529.09620489
27153	16822011.158219535
27155	15800641.267437162
27157	21017271.77367023
27159	15956197.54493684
27161	20401008.097885013
27163	24934279.446130615
27165	19003117.800994936
27167	15350680.07787226
27169	21005549.933283724
27171	21822763.815812927
27173	17208263.054633748
28001	19144781.83991289
28003	22528367.445650328
28005	19181279.980673593
28007	20292989.15187819
28009	22277136.182495534
28011	20280837.35063921
28013	21112715.726481795
28015	20386307.6404779
28017	21359460.9163326
28019	20642218.704054628
28021	19444587.022857122
28023	19791017.487094056
28025	21235539.64128838
28027	20752603.606157716
28029	19535872.507082734
28031	19451011.67356744
28033	23078355.81338655
28035	19403721.72838053
28037	19178286.69288759
28039	19265843.41014427
28041	19295832.70482237
28043	20724701.906198755
28045	19108669.919336587
28047	19029725.864703767
28049	20094722.791053057
28051	20147733.77518084
28053	20001820.31538066
28055	19701964.733621776
28057	22162526.02681754
28059	19072271.04015419
28061	19697796.363545235
28063	19244329.7015545
28065	19365200.594666705
28067	19508747.52834102
28069	20415533.955452148
28071	21602987.065778557
28073	19354229.879876558
28075	20179300.26499341
28077	19329140.830386836
28079	20160561.30717908
28081	22109519.908271022
28083	20346214.37061212
28085	19298287.499831516
28087	21362764.001657464
28089	20252482.747165423
28091	19252606.210229527
28093	22304828.227336235
28095	21664635.873768333
28097	20551408.52654965
28099	20249686.372876905
28101	19988607.461181372
28103	20793745.630281463
28105	20979968.21592243
28107	21360554.085193742
28109	19154722.26212644
28111	19290567.742252022
28113	19228714.619802278
28115	21682825.02931435
28117	22342779.79265388
28119	20959146.5155951
28121	20098480.271323103
28123	20000609.120386593
28125	19806421.560964108
28127	19634007.263286613
28129	19684044.45917918
28131	19124305.69427333
28133	20267305.466972757
28135	20690645.78055132
28137	22058596.217352353
28139	22267043.270189762
28141	22631206.454086494
28143	21505205.44699745
28145	21991067.195752226
28147	19210961.530586112
28149	19762333.80260521
28151	19962055.8840186
28153	19501887.70362946
28155	20827354.790474538
28157	19134367.141167182
28159	20525039.929575782
28161	21023698.45983342
28163	20004537.15376275
29001	21336957.061885186
29003	20412183.46474948
29005	19679072.63366764
29007	22330891.67032518
29009	20762401.345896497
29011	20519495.1698485
29013	20987564.1682039
29015	21122701.639663793
29017	22800416.192755114
29019	22208275.306593087
29021	21265338.09315849
29023	22048923.624795962
29025	21146311.737613067
29027	22370455.347159944
29029	21312287.471542682
29031	23221236.8573229
29033	21236402.41121189
29035	21705540.274175055
29037	22251468.19980286
29039	20739850.773597784
29041	21282236.30240554
29043	21129269.351579525
29045	22112022.893677637
29047	23174824.160178658
29049	21507981.20036178
29051	22099147.858453527
29053	21546697.241465326
29055	22528343.281198543
29057	20786711.83527472
29059	21116291.086347394
29061	20729739.23134663
29063	20744239.568284992
29065	21852402.846185025
29067	20953831.74830823
29069	22177992.99769131
29071	23971810.112036124
29073	22782209.4762665
29075	20341868.38019774
29077	21540305.84493551
29079	20770594.587700553
29081	20453086.90220693
29083	21153095.926308554
29085	20989919.24606518
29087	19946732.72542637
29089	21623527.70325505
29091	21103670.53677796
29093	22465708.488580815
29095	24303143.72041392
29097	20664082.420362357
29099	25232791.33834471
29101	21641118.530278273
29103	21698858.037798043
29105	21267711.087315515
29107	21784882.374416616
29109	20827933.848564457
29111	22147483.869816195
29113	24159533.288969025
29115	21079562.0627146
29117	20979509.348243054
29119	20787614.19337598
29121	21426917.08302265
29123	22718681.82352502
29125	21983492.594015967
29127	22361889.56775053
29129	20663931.045709867
29131	21632789.03153597
29133	22948332.80339255
29135	21725982.931469493
29137	22022629.87821717
29139	22945517.74106542
29141	21367267.6266514
29143	22556507.19375043
29145	20642542.236631256
29147	19993005.439065374
29149	21297020.734081194
29151	22270118.5743707
29153	20858933.400000554
29155	22391600.814821206
29157	23463080.30729171
29159	21356870.352647908
29161	21905486.23875043
29163	23149303.124806505
29165	22414180.90662301
29167	21048363.68855853
29169	21595152.491493728
29171	21007003.305784397
29173	22550422.55727205
29175	21661631.66242385
29177	21809068.11698067
29179	22040773.670388836
29181	21647665.013689347
29183	27769248.753092613
29185	20854354.107757274
29186	23675436.294496045
29187	23295256.1426479
29189	28687759.532425944
29195	21351560.30011777
29197	21371342.5224123
29199	21688155.847719006
29201	22951394.73851729
29203	21540409.532206897
29205	21838076.82054784
29207	22470363.552619632
29209	20844905.679186344
29211	20977459.706941616
29213	20869624.781427965
29215	21321252.227684475
29217	20564554.165362015
29219	23942641.517295115
29221	23146689.77610876
29223	22212352.223882128
29225	21158832.406700153
29227	20178935.98300412
29229	21116750.511786256
29510	25026855.508802816
30001	12258533.43981595
30003	12492301.461836986
30005	11076111.522292294
30007	11870589.45203565
30009	12427054.648620987
30011	12820535.740547258
30013	11517389.472208405
30015	11236470.339091958
30017	12342641.204180188
30019	11307189.850202894
30021	12054708.379348135
30023	11960758.193402411
30025	12507457.679296812
30027	11544194.205304662
30029	11122069.882495755
30031	12287553.570928296
30033	11727185.906804245
30035	10865736.434484685
30037	11951992.836756786
30039	11839437.532495415
30041	10939300.162378773
30043	11934979.526097111
30045	11590829.80887524
30047	11442967.574085789
30049	11587706.875858206
30051	10934433.30349888
30053	11089447.899411839
30055	11739609.18384721
30057	12276177.380341034
30059	11763736.815709831
30061	11677865.33534759
30063	11704262.350035781
30065	11996757.4662165
30067	12292322.844411291
30069	11680493.617132554
30071	11228833.864483248
30073	11069463.944881296
30075	12694218.231046334
30077	11696990.57684597
30079	12124717.123561455
30081	11949888.844515627
30083	11928635.390685046
30085	11614141.02531892
30087	12211676.866164764
30089	11491769.328086894
30091	11518460.983021328
30093	12051081.611944973
30095	12242672.714100027
30097	12139904.186267328
30099	11253428.114303438
30101	10878895.3824484
30103	12192642.663284969
30105	11322874.15587145
30107	11850954.586587768
30109	12298834.607205033
30111	12335909.208558623
31001	17221875.619779304
31003	16835820.52398474
31005	15260463.311896214
31007	15260775.28951427
31009	15680259.013380552
31011	17090963.74936239
31013	14743938.982818048
31015	15944385.264236016
31017	15482005.285533004
31019	16748312.37548848
31021	18890303.343444757
31023	18436292.13392059
31025	20228253.88585932
31027	17329640.249184266
31029	15712814.627861649
31031	14960746.417131335
31033	15438880.459837487
31035	17497847.57781486
31037	18299371.237571098
31039	18302546.265687052
31041	16040921.628155513
31043	18197666.737769913
31045	14433594.153372059
31047	16230597.990594821
31049	15439788.20173027
31051	17768535.314959597
31053	19047343.54550254
31055	22791330.0986914
31057	15812520.622997986
31059	17909543.780782
31061	16845266.53377579
31063	16019544.260942027
31065	16304700.749559728
31067	18827978.108433526
31069	15149587.509196064
31071	16238945.995765537
31073	16295903.915369347
31075	15082609.314967316
31077	16748347.230478842
31079	17224278.864715163
31081	17495052.72507697
31083	16573144.242992356
31085	15806191.462165471
31087	15897821.686501816
31089	16130319.03338092
31091	15234440.699171206
31093	16947107.524696704
31095	18327546.445753675
31097	19254132.001179315
31099	16866636.729464535
31101	15448383.791821556
31103	15393988.213184092
31105	15628031.767868835
31107	16732361.795744557
31109	19641862.934850708
31111	15742381.696390757
31113	15615549.941538826
31115	15952710.825509166
31117	15415520.641760506
31119	17503999.502169557
31121	17365607.328087464
31123	15075068.39379012
31125	17306189.12387442
31127	19484452.020700548
31129	17488176.05197136
31131	19606257.304312363
31133	19130050.332516838
31135	15600549.70126504
31137	16557095.27515882
31139	17209743.64501299
31141	17789543.522031114
31143	17844325.736780465
31145	16073646.3778126
31147	19541947.980533894
31149	15734128.587700186
31151	18506277.214916635
31153	21832436.82659019
31155	19577850.05240586
31157	15012088.9159658
31159	18618569.414517757
31161	14668312.311687974
31163	16606245.399597002
31165	14472263.634166166
31167	17865821.794328883
31169	17877146.785557147
31171	15431509.963982575
31173	18318885.3589348
31175	16415933.164633457
31177	20325008.910147507
31179	17700201.300459847
31181	17158272.014410626
31183	16572287.635693822
31185	17907411.47365867
32001	15347498.344781173
32003	17746927.211477157
32005	17627302.22381299
32007	13800020.046410829
32009	16612438.96958256
32011	14383587.600606881
32013	13806300.496004257
32015	14557804.302726261
32017	15720154.379882295
32019	16777296.946642067
32021	16466961.73101143
32023	15791784.655045602
32027	14628928.399056064
32029	16636934.06501163
32031	14883077.118646974
32033	14515223.720656736
32510	17612344.766523756
33001	25637424.552082654
33003	22989274.953784943
33005	30353542.25442999
33007	19658237.03237847
33009	23304515.901192304
33011	32210248.32474991
33013	27724627.69064862
33015	30697394.901386198
33017	26926466.448245525
33019	26907251.28495332
34001	39951017.93896057
34003	91956688.96156071
34005	47924837.690421246
34007	49844242.03370589
34009	35559308.9138018
34011	39297476.992817506
34013	94317873.60503976
34015	47363961.12800377
34017	143878979.65243924
34019	54151675.45205866
34021	57630764.33867906
34023	67233869.8020041
34025	59701304.847214475
34027	64897626.76111965
34029	45280623.73755879
34031	69543409.36716361
34033	44213957.32587746
34035	63640884.862800494
34037	51119359.27191775
34039	84133367.06282732
34041	49855220.081889115
35001	15735351.486050323
35003	14060715.722569408
35005	14558064.257723378
35006	14385170.761900855
35007	15081246.652508544
35009	15251979.771572253
35011	14731634.076427875
35013	13884673.915958283
35015	14503539.646381827
35017	13686464.210444242
35019	14744885.53207286
35021	15123339.245150136
35023	13323766.680634636
35025	15036560.676766548
35027	14346325.959035724
35028	15214029.005396526
35029	13508410.98651401
35031	14449174.479740605
35033	14922619.32671669
35035	14082604.351676656
35037	15154763.892744482
35039	14755037.013592513
35041	15077608.785309862
35043	14918918.214363825
35045	14517269.0938466
35047	14857262.289598016
35049	15052798.581991559
35051	13896142.634368766
35053	14243145.44657672
35055	14928942.08585921
35057	14686126.191053774
35059	15318693.165135635
35061	15140330.88428823
36001	33760000.14506831
36003	27743735.831108246
36005	122722175.1766335
36007	31784740.440478202
36009	27490082.521129977
36011	27635100.085109435
36013	26869186.38466787
36015	29868832.624936726
36017	30233330.887824487
36019	21013202.97186956
36021	35287170.92007822
36023	29376669.774542537
36025	33167998.741313532
36027	41930512.03206118
36029	27910296.06549909
36031	23193433.05026917
36033	21477436.19702136
36035	28254516.193338916
36037	26632501.47053507
36039	34693534.861403674
36041	25067681.601762645
36043	26154146.47484009
36045	23498378.74209239
36047	123134116.32580696
36049	24396154.952600848
36051	27206814.773128927
36053	28447648.669435676
36055	26661111.581993755
36057	29664581.797845285
36059	75818563.58983743
36061	276737254.35212433
36063	25058753.3879625
36065	27053275.78252717
36067	28593337.88900812
36069	27386716.12433521
36071	49409866.13503051
36073	25341451.136209156
36075	25790361.27844955
36077	30195777.544669215
36079	51249249.099222794
36081	112860962.68365443
36083	31851339.550780877
36085	86180638.83066534
36087	67681331.86298333
36089	21789236.734392907
36091	28975168.86418931
36093	31870529.472898975
36095	31710021.644124303
36097	28817244.778116114
36099	27854351.666618377
36101	28386749.27476787
36103	42184509.98685317
36105	38876789.81894732
36107	30587652.491600122
36109	29434377.599561315
36111	38707512.97876186
36113	25883113.803242695
36115	27262262.299560785
36117	25968661.28348816
36119	66030082.54010381
36121	27257401.603831995
36123	27924305.28652022
37001	28908636.054517426
37003	27814954.34897395
37005	26849911.11163451
37007	26402021.61138343
37009	26701619.986958303
37011	26774357.621147756
37013	23167925.439210523
37015	24769926.589784008
37017	23620345.41125257
37019	22024588.697122723
37021	27161366.62557226
37023	27241327.45327051
37025	30461503.523429934
37027	27221446.841968074
37029	24952075.82731071
37031	21227411.63077782
37033	28038147.323384907
37035	28737201.85139612
37037	27989706.73681535
37039	26491464.3288352
37041	24539887.118252095
37043	26494913.194774292
37045	27920126.008184757
37047	22869278.316027552
37049	22841276.754508503
37051	25913503.307001293
37053	24556415.02577602
37055	21791742.88353406
37057	28419729.64031663
37059	28428094.95987884
37061	23690697.54328791
37063	31806250.56593948
37065	25558068.070115022
37067	29382999.61444137
37069	27759592.377060324
37071	30242821.4976799
37073	25921764.198639765
37075	26400341.010634754
37077	28360374.10997388
37079	24882199.193902414
37081	29382024.939402435
37083	26174829.147108577
37085	26969930.955513753
37087	26558901.7294048
37089	27188630.502847534
37091	25752003.22285151
37093	25582997.46244985
37095	21797455.122013047
37097	28639876.98611397
37099	26479800.038054295
37101	27180255.038264584
37103	23058936.49622639
37105	27313560.689776137
37107	24151812.718405463
37109	29312333.83579148
37111	26946787.01507674
37113	26423012.6740972
37115	26628047.168479454
37117	24474543.78381017
37119	34223918.21368532
37121	26705906.947156344
37123	26934820.338378962
37125	26542192.62594492
37127	26726192.84181089
37129	22662098.64337645
37131	26255893.66086741
37133	22509406.19446029
37135	29843754.096952826
37137	22092097.392372645
37139	24718689.79702861
37141	22648211.113433868
37143	24508717.18638314
37145	28233487.29994654
37147	24653305.50045402
37149	27172928.52308206
37151	27875857.446396664
37153	25856007.75937431
37155	24292308.53678332
37157	28196923.499072455
37159	28954063.38392158
37161	27175054.23196408
37163	24581575.586073704
37165	25142552.22216489
37167	27987756.344101597
37169	27984858.967729174
37171	27380472.66597895
37173	26427117.504308764
37175	26793884.26799354
37177	23045658.1739776
37179	28408676.300880823
37181	27651684.292990822
37183	30878373.838983458
37185	27001379.448291283
37187	23554094.424724396
37189	26853322.880755577
37191	25318773.397257484
37193	27169991.702554666
37195	26118783.626919895
37197	27854762.734755382
37199	26726576.46456513
38001	13027615.126890045
38003	14167380.605261508
38005	12892990.04783533
38007	12488985.705375582
38009	12143827.393774744
38011	12786387.758235212
38013	11851245.17219539
38015	13339748.591027282
38017	14768735.289435433
38019	12663607.320457792
38021	14410806.478281684
38023	11684079.920082612
38025	12550862.52054126
38027	13260979.393796412
38029	13619124.906608896
38031	13444081.495255483
38033	12399075.239460941
38035	13696641.650523255
38037	13166831.792130373
38039	13693419.442784818
38041	12934075.448890183
38043	13455025.14085817
38045	14194902.160734177
38047	13797133.212463379
38049	12507614.909017561
38051	13983499.048755782
38053	12239022.59289414
38055	12716664.185797174
38057	12751671.780295528
38059	13152315.323986266
38061	12233128.637650302
38063	13373025.032700567
38065	12966480.895356791
38067	12905575.913228214
38069	12633670.410726136
38071	12950844.335835021
38073	14685561.000478236
38075	12052091.089080717
38077	15158737.129214792
38079	12348907.541074643
38081	14887377.8463064
38083	12950973.431204364
38085	13432836.946474176
38087	12672324.121032681
38089	12783151.726192586
38091	13941923.835055979
38093	13714717.885623073
38095	12530755.420838047
38097	14194159.705222312
38099	13189711.606216406
38101	12395042.417208867
38103	13112605.245898718
38105	11979670.177820243
39001	28318487.72696322
39003	29757110.492155332
39005	30051198.950026937
39007	28110032.38008437
39009	28377972.841413293
39011	29694061.221043542
39013	29516430.04607496
39015	29305463.54699505
39017	33207931.154499855
39019	30209019.78811679
39021	30467660.194274206
39023	30954772.20527225
39025	31105254.918414146
39027	30560059.29409118
39029	30563359.89487818
39031	29572457.159011945
39033	29719074.117457803
39035	32298003.093255073
39037	29861270.367165692
39039	29128302.54511504
39041	32115171.578007154
39043	29922241.28071308
39045	30682405.38226606
39047	30329840.936652277
39049	35401841.74320843
39051	29417251.87825716
39053	27789468.45276562
39055	30527737.06108056
39057	31386973.082239516
39059	29210457.06357435
39061	35513590.31616618
39063	29611724.499801695
39065	29677080.191030897
39067	29770417.496044815
39069	29336206.29029791
39071	29385519.96298335
39073	29106327.733846795
39075	29945140.507590834
39077	29800261.417710528
39079	28121104.425254144
39081	30473209.62014769
39083	30069629.022376664
39085	29270555.10398796
39087	27589286.658343308
39089	30676623.849731576
39091	30015058.0702142
39093	30887823.990384966
39095	31089785.57886256
39097	31661746.182129543
39099	30636188.07768506
39101	30168755.871125087
39103	31227826.868430212
39105	27966642.738291405
39107	29392908.629519597
39109	30602976.376236238
39111	28913064.464137677
39113	32245632.69127713
39115	28687031.392458208
39117	30260838.665391304
39119	29300030.255202387
39121	28803446.124200612
39123	29997876.12253085
39125	29199736.7138028
39127	29318024.38114387
39129	30954450.95316628
39131	28536635.18775659
39133	31107395.646524385
39135	30976719.23154188
39137	29347316.546574354
39139	29942634.1344339
39141	29264516.795212753
39143	29860845.394854315
39145	27955918.667773828
39147	29620715.983678013
39149	29912390.92270228
39151	31076779.2291124
39153	32430220.524497647
39155	29883734.77900166
39157	29853645.76587522
39159	30994397.650204014
39161	29278463.31657559
39163	28453364.285129856
39165	32184254.207806453
39167	28504311.559404295
39169	30535559.915506586
39171	29039805.882764876
39173	29932275.647747178
39175	29638053.749087214
40001	20525739.56910138
40003	18044167.95551553
40005	20601893.565076016
40007	16525387.674326807
40009	17282584.543666888
40011	18440103.135782756
40013	21638286.08635006
40015	18813248.060313527
40017	19612702.20655795
40019	20692476.608406506
40021	20397341.760471072
40023	20796582.615846172
40025	15662842.433993196
40027	20943559.56785059
40029	20427520.95101278
40031	18909719.42381964
40033	19198483.404299982
40035	20142719.05271365
40037	20399246.04417201
40039	17852906.77182304
40041	20484058.035649233
40043	17715865.75644055
40045	17030363.372231815
40047	18826733.42626776
40049	20200207.195960708
40051	19624723.146394596
40053	18520702.673952114
40055	17450547.12573032
40057	17216794.259984996
40059	16969106.478768837
40061	20134809.27618781
40063	20164351.202304706
40065	17699380.270094123
40067	20140572.58725812
40069	20842080.65417336
40071	19046376.508753475
40073	19164687.838972654
40075	18081001.452907257
40077	20111162.59801596
40079	20126246.2700611
40081	20323360.322971627
40083	20065191.815757982
40085	21509947.30150485
40087	20366539.962429404
40089	20242001.956478056
40091	20178349.62347391
40093	18037137.479233317
40095	21621198.07717215
40097	20451283.696400955
40099	20497103.85494825
40101	20328806.73596055
40103	19280012.906830806
40105	20030330.52671567
40107	20163853.996346977
40109	21893713.73601725
40111	20387216.75031244
40113	19699493.813436985
40115	20335004.649654947
40117	19752368.347105082
40119	19883515.04425997
40121	20154081.642968636
40123	20368901.10828801
40125	20491218.52214649
40127	20294172.562849477
40129	17179113.6999649
40131	20676133.62815055
40133	20236134.455420345
40135	20281754.637254763
40137	19749768.19873118
40139	16095013.876478132
40141	18381803.921122823
40143	21981804.543303266
40145	20706982.075887635
40147	20097414.102035396
40149	17951280.428971644
40151	17560528.799280077
40153	17352877.964253027
41001	12647767.403490184
41003	13314665.562388338
41005	15846124.269890632
41007	13682072.360121258
41009	15438187.150695372
41011	12105192.816140788
41013	13057558.979882538
41015	12098389.931071527
41017	13226103.442888625
41019	12655256.816082278
41021	13360640.198537504
41023	12798882.943305878
41025	13020976.391267743
41027	15023011.61585866
41029	12951660.210961374
41031	13498774.079107359
41033	12568692.56825338
41035	13051058.310298638
41037	13096831.65892539
41039	13079963.841211004
41041	12784942.307223458
41043	13902460.553679854
41045	13101310.139287133
41047	15017956.053493487
41049	13113643.731126137
41051	19094927.68394238
41053	13813785.493563818
41055	13670505.384166865
41057	13776337.779353624
41059	12864360.638984364
41061	12633378.213629782
41063	12416003.214217512
41065	13900373.178160585
41067	16734806.103665829
41069	13047104.305826377
41071	14873603.921418652
42001	38009426.17519514
42003	34749313.31335094
42005	30472835.015850868
42007	31689424.30380488
42009	31776248.115596045
42011	42891791.16520236
42013	31575170.62008158
42015	31557201.418043908
42017	53178059.975648634
42019	30815806.926429905
42021	30957723.23367603
42023	29208126.76559297
42025	40965840.50837606
42027	31465611.692436695
42029	46552535.77358628
42031	29161150.954360187
42033	29996223.759085674
42035	30792640.157667734
42037	35693980.37506826
42039	28137144.92459298
42041	36653061.91331414
42043	37912726.769244574
42045	52156049.71640952
42047	28804280.636572633
42049	27159110.419191554
42051	30654976.699422184
42053	28316470.93273641
42055	35049513.84301187
42057	33191448.623511754
42059	30259588.822897125
42061	32355369.792095695
42063	30512756.463606276
42065	29308261.61895116
42067	33955582.59156611
42069	37564452.76594166
42071	42043301.45629999
42073	30428662.184865948
42075	39489792.65926772
42077	45643667.556174956
42079	37277173.60354115
42081	31837818.9391768
42083	28089840.46187734
42085	29325965.341005642
42087	32917971.36955985
42089	42930258.107272305
42091	53324592.85367872
42093	34820883.71613342
42095	46936061.30581395
42097	35350165.190963335
42099	35242493.826913126
42101	61225707.80293739
42103	42326134.275152974
42105	28863383.950527214
42107	38621179.4245462
42109	34228966.91231041
42111	30865627.825192567
42113	33067906.394829024
42115	33576961.888973445
42117	29868415.26131121
42119	33434480.55538113
42121	28702289.158567425
42123	27706621.492593154
42125	31751477.37515815
42127	36848935.41606634
42129	31575608.839376878
42131	34744807.322002985
42133	40275980.53387761
44001	34818473.71024364
44003	35749405.01512768
44005	32345668.465221394
44007	37171722.8280277
44009	33250795.265895665
45001	25582526.2545827
45003	24052709.80940336
45005	22492652.765835408
45007	26462183.418143447
45009	22802634.62067126
45011	23171897.660178322
45013	21480489.88223365
45015	22491938.58074144
45017	23921016.83427633
45019	22148161.54292859
45021	27478701.12407103
45023	26773126.581614465
45025	25405220.876069896
45027	23194113.485428877
45029	22001790.792706106
45031	24396567.53900978
45033	23867951.665549897
45035	22497773.09771312
45037	24538072.541282494
45039	25728444.64423942
45041	23546594.21965448
45043	21744550.793142464
45045	27837229.696836367
45047	25332092.278580345
45049	22045539.958510987
45051	22627249.112930387
45053	21709597.014702562
45055	25246219.112249177
45057	26665860.016891554
45059	26010689.89962658
45061	24348329.75151239
45063	25135491.102823205
45065	24854003.19271204
45067	23264670.051199324
45069	24648405.738327906
45071	25422369.669134494
45073	26614737.893944405
45075	23206577.68361904
45077	27083507.545175657
45079	25565047.641776063
45081	24883092.780273438
45083	27493975.33218785
45085	24051811.476118196
45087	26448433.53066379
45089	22605115.59147065
45091	28606300.146618746
46003	15706647.664009007
46005	15508522.549297074
46007	14521467.294395493
46009	16578494.249299558
46011	16730203.04591426
46013	14811370.669868147
46015	15368667.385289937
46017	15124758.778637841
46019	13321648.944436995
46021	13912568.638547815
46023	15928891.331344515
46025	15596126.735166
46027	17505237.913464595
46029	15931832.436890738
46031	13545908.249985358
46033	13929986.014758354
46035	16075104.882894007
46037	15344161.709807271
46039	16462131.480665794
46041	13895913.873574534
46043	16016808.536589898
46045	14442930.761313256
46047	14092318.850310372
46049	14651750.651062254
46051	16064984.765009923
46053	15546703.351640176
46055	14078782.56148366
46057	16134237.26413594
46059	14993528.157517262
46061	16343893.709832786
46063	13006223.552194485
46065	14630129.28185499
46067	16539757.35428338
46069	14757125.28978177
46071	14318413.098923437
46073	15472874.659025982
46075	14503402.9853114
46077	16104045.205118036
46079	16778298.38569031
46081	13562753.228095246
46083	17797754.55007941
46085	14886431.005439099
46087	16800229.10427797
46089	14257206.417214261
46091	15104054.690272843
46093	13687580.041367734
46095	14640824.803383531
46097	16263241.642284764
46099	17787603.665587217
46101	17212229.099344485
46102	14262407.818543904
46103	13974384.437389694
46105	13283965.6038554
46107	14290151.256001443
46109	15578404.79987032
46111	15871185.954526506
46115	15155716.253741376
46117	14288411.846965566
46119	14393954.736443132
46121	14824991.3239921
46123	15109305.065776847
46125	17238365.97060836
46127	17845616.89989586
46129	14086364.674901785
46135	17058442.810765892
46137	13726564.737562036
47001	27018611.61849174
47003	26006653.591094155
47005	23791881.244173165
47007	26064131.298224475
47009	26961579.953403633
47011	27134706.8435676
47013	26230427.21445468
47015	26286797.76477618
47017	23301221.36712318
47019	26725296.697607696
47021	27376196.83473054
47023	22954847.18070007
47025	26179487.277977496
47027	25714855.61165086
47029	26449349.960990723
47031	25895920.197497014
47033	22873563.944901172
47035	25896629.97532301
47037	30361603.722799085
47039	23410132.785840847
47041	26031677.802980423
47043	25737044.66679074
47045	22691205.147540033
47047	23024721.500854336
47049	25737040.40731529
47051	25500568.587072022
47053	22989909.212715663
47055	24685855.534687728
47057	26438780.92524221
47059	26478661.059372995
47061	25802024.747982267
47063	26618530.11475192
47065	27399327.28637694
47067	26153014.32337985
47069	22639040.46545434
47071	23031710.741124555
47073	26312814.8092213
47075	22820523.25547922
47077	23205650.20849424
47079	23649295.72906409
47081	24828335.558663454
47083	24579274.94366365
47085	24299183.62137504
47087	25834660.34384818
47089	26672536.068966154
47091	26627001.730291262
47093	27861463.652874753
47095	22613681.462201938
47097	22690706.142255027
47099	24095955.491366282
47101	24334542.723599434
47103	25266247.687918756
47105	26682228.93445624
47107	26460074.97943826
47109	22741027.736308105
47111	26022160.633737065
47113	23092230.24789451
47115	25935570.895256028
47117	25667513.941873252
47119	25737632.956025098
47121	26400303.409875784
47123	26437901.65885717
47125	25551922.659431584
47127	25553198.789615232
47129	26000886.441496205
47131	22888394.626043532
47133	25736107.0767132
47135	23766660.982486438
47137	25698689.137549225
47139	26627011.39920661
47141	25937430.222149547
47143	26243347.698755693
47145	26386228.646494724
47147	26735171.162439577
47149	27397805.74977284
47151	25928283.350222647
47153	26266502.296492476
47155	26746979.531542547
47157	24737120.51157503
47159	26173699.380300704
47161	24385503.671364736
47163	26887877.482084185
47165	27016819.562080894
47167	23290186.46556036
47169	26449980.113438606
47171	26717247.066497426
47173	26582279.240731895
47175	25856353.80769751
47177	25894243.25866944
47179	26899373.210769184
47181	23501815.894643243
47183	23213813.81799124
47185	25868307.78448912
47187	28194704.414163843
47189	27220738.72809725
48001	21636577.47862708
48003	15685230.964928716
48005	20694143.282502238
48007	16641336.66644089
48009	19139994.159265373
48011	16288121.769265864
48013	18011897.89407473
48015	22762731.659502517
48017	15448620.954247992
48019	17799410.055438567
48021	22101629.530588415
48023	18210790.871925227
48025	17040012.41675039
48027	22133346.810676843
48029	21448650.683341604
48031	20743942.99272875
48033	16288583.399227586
48035	21810688.320091475
48037	20469122.78627184
48039	22291971.727941602
48041	22447169.886004955
48043	13429511.545769332
48045	16304030.761269609
48047	14438143.631959202
48049	18537675.07943409
48051	21942066.947181046
48053	20975543.48018979
48055	21463319.22967927
48057	17558001.531179473
48059	18091341.050493624
48061	13795472.04713613
48063	21226008.329030897
48065	16384720.514666503
48067	20531970.960998274
48069	15812963.381414209
48071	22909172.190557875
48073	21161463.754234605
48075	16933803.364059445
48077	19928226.252291765
48079	15429649.413971832
48081	16678247.289849434
48083	17803631.007160593
48085	29201403.86533029
48087	16844964.182759102
48089	21159728.333132945
48091	21481181.59595384
48093	19469620.438527707
48095	17103645.807092413
48097	23101202.649504047
48099	21024091.728226107
48101	16912650.68655514
48103	15374393.64674685
48105	15259027.405082373
48107	16381431.427007155
48109	13989875.245474728
48111	15635087.863953903
48113	35575321.17375155
48115	16031772.867702685
48117	15653856.452562701
48119	22142045.746004876
48121	28036509.708062917
48123	18891307.324648947
48125	16581398.447955275
48127	15083360.380630579
48129	16512675.137287145
48131	15125083.819903836
48133	19044367.479105804
48135	15962025.386447763
48137	15792204.650504453
48139	27161468.414241876
48141	14630804.570559556
48143	20646167.119108595
48145	21812546.174490593
48147	22785446.744582642
48149	21035481.64410129
48151	16916308.308196902
48153	16302760.690813296
48155	17406345.238901097
48157	26022921.133187376
48159	21438977.919984315
48161	21982635.79446286
48163	16763819.371662421
48165	15579375.611667976
48167	22672854.452897057
48169	16324378.687440326
48171	18649505.95450931
48173	16338172.705910692
48175	17726511.784843672
48177	19928404.600096364
48179	16542869.314451287
48181	23887377.221321624
48183	21595410.34241695
48185	23043638.633224897
48187	20904080.182926703
48189	16115522.122251807
48191	16590661.584810294
48193	20342321.939333014
48195	16243225.027520882
48197	17393357.12214116
48199	21242271.31459001
48201	31064005.80806338
48203	20823334.70642259
48205	15655318.983272541
48207	17574649.136415444
48209	22789466.767848946
48211	16768577.955937833
48213	22595370.284226317
48215	14073334.46623548
48217	23272954.447747365
48219	15841610.8293834
48221	22821931.688051276
48223	22199832.765074033
48225	21308802.974917244
48227	16466002.75778453
48229	13741359.81049231
48231	24825076.76085565
48233	16432759.718701106
48235	16066505.470568245
48237	20866027.11920544
48239	19025689.2846667
48241	20118218.232348118
48243	13673808.283785075
48245	20775718.790608507
48247	14142979.935103187
48249	15584473.209725043
48251	25612290.90326007
48253	17466038.153465156
48255	18393965.454525713
48257	26573565.167957034
48259	19754921.252914377
48261	14509389.71920742
48263	16601102.931800185
48265	17598727.948998187
48267	16897546.49027631
48269	16972561.378144708
48271	15170360.961031485
48273	15433923.072851062
48275	17502078.513594683
48277	21411989.93670959
48279	15763606.144940909
48281	20091503.640401084
48283	15752995.797627889
48285	19829275.114982244
48287	21756978.386401143
48289	21603802.910913195
48291	23857268.424423985
48293	21997199.697108306
48295	16704412.214653948
48297	16649699.678496819
48299	19255701.878176253
48301	14966045.70284487
48303	16430390.800050499
48305	16116209.743226185
48307	17771833.466294978
48309	22114064.712055095
48311	16287168.936521735
48313	21933929.726350624
48315	20714309.035924353
48317	16361569.211273499
48319	17913697.997538038
48321	19056386.931928612
48323	14768814.84225519
48325	17975945.12721695
48327	16955002.933939315
48329	16622847.887644105
48331	21839338.037215326
48333	19213491.654052537
48335	16526324.675561724
48337	21360450.792124018
48339	26859038.49653863
48341	16161127.344861712
48343	20871442.53361673
48345	16552223.684780195
48347	20627985.335112184
48349	23463983.727784887
48351	19760553.20144099
48353	16913118.060753107
48355	16248960.058401259
48357	16453020.732106587
48359	15668230.650217697
48361	20280962.737413824
48363	20676721.90976958
48365	20583820.89235929
48367	23772749.005114548
48369	15528661.813837932
48371	14477248.105419792
48373	21493570.51850966
48375	16311402.60912496
48377	13122733.385702822
48379	23265324.75607929
48381	16162125.870475532
48383	15850254.726180185
48385	16439688.97364375
48387	20765834.426079962
48389	14461720.342965273
48391	17075848.6568447
48393	16519579.729008442
48395	21763292.971110284
48397	29974786.674400352
48399	17196047.773956005
48401	20983120.21785529
48403	19846808.751927447
48405	20169508.368681274
48407	23164739.66031299
48409	16677723.005420785
48411	18750741.37216984
48413	16138102.825644216
48415	16553923.276061296
48417	18135950.289990347
48419	20233713.556299444
48421	15988077.147116458
48423	21899051.137780383
48425	22417384.647323012
48427	13659702.379771449
48429	19105301.12909029
48431	16317527.793769123
48433	17011935.746360604
48435	15858019.52370985
48437	16084934.06853008
48439	30702372.87948219
48441	17556614.26747739
48443	14394372.473305464
48445	15764186.46645296
48447	18308642.0168595
48449	21079329.090766728
48451	16589261.788245771
48453	25331454.37574866
48455	21337419.130730048
48457	20656968.552342344
48459	21337022.03975071
48461	15663131.412787866
48463	16156310.018166874
48465	14843318.297341295
48467	23243315.368111245
48469	18341862.60282136
48471	22724352.23991789
48473	25019828.501817726
48475	15026425.623638855
48477	22348184.071531072
48479	14666224.535645384
48481	20997665.472824138
48483	16819617.195992585
48485	19034578.273462303
48487	18059314.768574633
48489	14133908.839801954
48491	23740453.60660818
48493	19521880.711175278
48495	15274013.847447637
48497	23664429.085739706
48499	21993209.16982444
48501	15449799.31135631
48503	19368743.171791654
48505	13777343.132932477
48507	15602998.235701159
49001	14827463.35847201
49003	14301680.571431203
49005	14741490.414057259
49007	14761507.85571543
49009	14293977.497579241
49011	17534803.686117247
49013	14808161.572347378
49015	14573702.988129048
49017	14570322.387465063
49019	14507246.492330752
49021	15065177.258289715
49023	14891174.342478594
49025	14756890.757972365
49027	14674027.335575309
49029	16258401.440194124
49031	14657070.066453548
49033	14600699.16117089
49035	19411242.719625156
49037	14426556.08396248
49039	14928983.803532403
49041	14656049.055736551
49043	15296726.17057371
49045	14876281.71452207
49047	14479748.814656876
49049	16320097.078951135
49051	15870404.691815138
49053	15524577.970164886
49055	14499970.161192633
49057	16198586.080046758
50001	23562419.031094622
50003	28922599.330342673
50005	21231615.00846207
50007	22344899.586245667
50009	19923950.613350313
50011	20451525.590757906
50013	20808252.008672163
50015	21234196.902864777
50017	23344250.342376858
50019	20033078.05989057
50021	25630253.760138843
50023	22495753.87766496
50025	29241727.13876018
50027	25542233.100798227
51001	28884449.40274148
51007	29151863.606650103
51009	28177728.586951174
51011	28172844.071877435
51013	78000152.96078397
51017	27878172.17792597
51019	27721191.40791544
51021	26646327.53061151
51023	27659304.140501294
51025	27364361.979502853
51027	26334005.46489252
51029	28839844.152535047
51033	33272190.81379884
51036	30013798.666442122
51037	27701828.125822913
51041	31065315.163500126
51043	36393074.477492966
51045	27484465.6395343
51047	34311180.194132805
51049	29128045.440104865
51051	26255913.391299326
51057	33332257.976738043
51061	37686019.157922685
51063	27268362.85499837
51065	30223168.259304643
51067	27545461.51105494
51071	26995611.01809272
51073	29531151.09160578
51075	30794443.477284513
51077	26667952.00673368
51079	31123957.10369564
51083	27581928.684814308
51085	32180505.024430923
51087	33170600.61691773
51091	28414225.08283295
51093	28283636.873685315
51097	31566764.054653034
51099	36160910.4290204
51101	31674002.273667052
51103	30458638.441474814
51105	26078915.16627178
51107	42252566.22350224
51109	31530834.41495053
51111	27692022.3838627
51113	32094084.8227549
51115	28909748.732791595
51117	27386890.87426048
51119	30261286.90663804
51125	28837303.221052863
51127	30589972.758526932
51131	27637511.49217992
51133	31251015.314045146
51135	28339213.763160367
51137	32596138.729714826
51139	31820647.371958885
51141	27339802.784934986
51145	30162816.9668758
51147	28151962.586162537
51155	27015082.314602286
51157	33792897.19407714
51159	31703845.401831344
51167	26373175.918591134
51169	26301540.713139344
51171	31891600.76552616
51173	26503657.062792383
51179	37705779.039818026
51181	28910036.326633133
51183	28024955.952691
51185	26458860.764852453
51187	34190909.190149605
51193	34520027.81163371
51197	26707430.80133782
51510	68978412.87736861
51550	27864808.662822254
51650	27304799.697269198
51700	30364651.48385736
51710	31034074.46159665
51740	30352994.79240738
51760	34335449.27550233
51770	27782261.409068823
51800	27413002.361239143
51810	27833653.04203452
51901	30347663.15880162
51903	27505298.27087093
51907	29114662.134091016
51911	28046023.49442144
51913	26981583.68697556
51918	28660971.671124447
51919	55592903.17874506
51921	34187378.52599815
51923	27143975.17605352
51929	27632593.69364242
51931	29902552.011883207
51933	27564340.422614582
51939	27592559.110394053
51941	29427592.283599827
51942	44652257.603838526
51944	27651296.782060683
51945	28063069.929239813
51947	30372190.350268956
51949	26922953.66337915
51951	33916756.93412121
51953	26557821.976666793
51955	26214309.130268667
51958	29364006.226530585
53001	12782312.156898854
53003	12402884.377696872
53005	13518450.988774126
53007	14819232.583209092
53009	12158690.355176812
53011	17850408.912082314
53013	12602567.291188637
53015	15509947.644553302
53017	13249847.542840177
53019	11768383.417250577
53021	13143618.84548288
53023	12470455.006188337
53025	13310998.886025993
53027	13191267.90397484
53029	15149928.503677234
53031	13299192.759762064
53033	21956110.225064546
53035	17724017.396950223
53037	15386567.893176416
53039	14053497.204811845
53041	16051256.723399023
53043	12501378.863396985
53045	14987715.455700848
53047	12257204.102913054
53049	13331760.291590469
53051	11474293.77399822
53053	19363588.88644129
53055	12768007.369826311
53057	14684098.349645289
53059	15421052.970849397
53061	17750696.938406866
53063	12684940.297659608
53065	11701762.880418167
53067	16275572.998328386
53069	14063290.183369704
53071	12896540.934300436
53073	13072346.704800224
53075	12463683.095975196
53077	14531032.721626766
54001	28814988.440125894
54003	35364873.2021769
54005	26924559.28864048
54007	27626295.232113104
54009	30942078.04560151
54011	27568676.656065565
54013	27652719.182985295
54015	27337904.999439552
54017	28487838.732051585
54019	27027984.556129403
54021	27831131.64927517
54023	29965543.082300615
54025	27192494.734558813
54027	31985858.188820258
54029	31094694.035934437
54031	30858624.27204338
54033	28925456.15800502
54035	27655621.309144754
54037	37360802.06167229
54039	27439286.25358908
54041	28183493.333748315
54043	27020985.199708756
54045	26670657.77462355
54047	26452668.560962897
54049	29531910.648420878
54051	29709741.43785079
54053	27662256.34105556
54055	26736892.586150482
54057	30889175.24033128
54059	26525911.32796822
54061	30075087.908427868
54063	27056788.927398972
54065	33488468.041533116
54067	27242766.86128775
54069	30632951.821869474
54071	29175774.669652145
54073	28420337.192615762
54075	27785915.55313161
54077	29687227.007788558
54079	27559613.15132031
54081	26865922.576260936
54083	28419388.262231965
54085	28122864.4467178
54087	27527681.790607825
54089	26881585.882565863
54091	29220686.77901358
54093	29267679.275766253
54095	28682571.80023006
54097	28250710.273764923
54099	26945854.00612806
54101	27581010.588520832
54103	29120983.501940798
54105	27873131.86830812
54107	28255881.930490844
54109	26604180.190046
55001	22245550.008897938
55003	16768355.468651902
55005	19341460.30843445
55007	16833518.40896624
55009	23072763.57060325
55011	20700196.646262284
55013	18518228.807213906
55015	23770300.29994482
55017	19771883.229613077
55019	20277933.651334815
55021	24534694.455249794
55023	22079168.14905497
55025	26270965.249533825
55027	25674633.850164305
55029	20447879.516174823
55031	17133399.115321577
55033	20288998.04825368
55035	20441276.319901895
55037	18520073.365048338
55039	24644338.761928912
55041	18824789.361787133
55043	22853667.162127543
55045	25824743.03391892
55047	23684858.104558904
55049	23797515.593185097
55051	17405863.55936176
55053	20873337.351957414
55055	27393081.35556674
55057	21983965.67033098
55059	33541423.06434562
55061	22037467.06094939
55063	21556857.738179512
55065	24171818.458984096
55067	19680943.791498538
55069	19389462.598381635
55071	23434287.422413934
55073	20419449.030055635
55075	19686350.050346207
55077	23098706.889270663
55078	20467842.830060985
55079	30141983.996710807
55081	21569897.64124648
55083	20629363.974018015
55085	18654167.79450951
55087	22975260.739546955
55089	27199298.17254902
55091	20698604.884243324
55093	21389285.174519647
55095	19925192.81782025
55097	21509889.009086408
55099	18519980.513504017
55101	31885978.32345859
55103	22589892.147285946
55105	27639395.208793037
55107	18910538.425249893
55109	21411783.004489727
55111	23434084.826748163
55113	18135928.250789717
55115	21106360.817501906
55117	25041471.060136307
55119	19410911.070441414
55121	20785183.880744833
55123	21822149.571058568
55125	17985722.576999165
55127	29417071.71007332
55129	18219916.895779207
55131	26905982.575254805
55133	29379184.15225081
55135	21966817.7343523
55137	22528122.8904463
55139	23761808.376361646
55141	21152990.270530123
56001	14836528.648438202
56003	12765842.084044782
56005	13260720.712344045
56007	14323765.125945775
56009	13875764.367269002
56011	13254391.617464097
56013	13329667.255555157
56015	14710331.480253821
56017	13054573.141016599
56019	13167511.139881114
56021	15659525.477503102
56023	13762575.157712288
56025	13661266.580021042
56027	14000762.027240654
56029	12645390.728531845
56031	14569649.26206293
56033	12807451.363703988
56035	13416443.094576318
56037	13945779.3402065
56039	12903945.670479756
56041	14500108.918932518
56043	13060306.601781959
56045	13599562.478017572
